shape_id,shape_pt_lat,shape_pt_lon,shape_pt_sequence
GE1-0,39.649213,-10.653140,1
GE1-0,39.647090,-10.653024,2
GE1-0,39.646044,-10.652988,3
GE1-0,39.645007,-10.652963,4
GE1-0,39.643980,-10.652948,5
GE1-0,39.642959,-10.652942,6
GE1-0,39.641945,-10.652944,7
GE1-0,39.640936,-10.652951,8
GE1-0,39.639930,-10.652963,9
GE1-0,39.638928,-10.652979,10
GE1-0,39.637927,-10.652996,11
GE1-0,39.636926,-10.653014,12
GE1-0,39.635924,-10.653031,13
GE1-0,39.634921,-10.653045,14
GE1-0,39.633914,-10.653056,15
GE1-0,39.632904,-10.653062,16
GE1-0,39.631888,-10.653061,17
GE1-0,39.630865,-10.653052,18
GE1-0,39.629834,-10.653034,19
GE1-0,39.628795,-10.653006,20
GE1-0,39.627746,-10.652965,21
GE1-0,39.626685,-10.652911,22
GE1-0,39.625612,-10.652841,23
GE1-0,39.624526,-10.652756,24
GE1-0,39.623424,-10.652653,25
GE1-0,39.622307,-10.652531,26
GE1-0,39.621173,-10.652388,27
GE1-0,39.620021,-10.652223,28
GE1-0,39.618850,-10.652035,29
GE1-0,39.617658,-10.651823,30
GE1-0,39.616765,-10.651654,31
GE1-0,39.615853,-10.651479,32
GE1-0,39.614921,-10.651298,33
GE1-0,39.613972,-10.651110,34
GE1-0,39.613005,-10.650916,35
GE1-0,39.612022,-10.650715,36
GE1-0,39.611023,-10.650508,37
GE1-0,39.610010,-10.650293,38
GE1-0,39.608983,-10.650073,39
GE1-0,39.607942,-10.649845,40
GE1-0,39.606889,-10.649611,41
GE1-0,39.605825,-10.649370,42
GE1-0,39.604751,-10.649122,43
GE1-0,39.603666,-10.648868,44
GE1-0,39.602573,-10.648606,45
GE1-0,39.601472,-10.648338,46
GE1-0,39.600363,-10.648063,47
GE1-0,39.599249,-10.647780,48
GE1-0,39.598128,-10.647491,49
GE1-0,39.597003,-10.647195,50
GE1-0,39.595874,-10.646891,51
GE1-0,39.594742,-10.646580,52
GE1-0,39.593608,-10.646263,53
GE1-0,39.592472,-10.645938,54
GE1-0,39.591336,-10.645605,55
GE1-0,39.590200,-10.645266,56
GE1-0,39.589065,-10.644919,57
GE1-0,39.587932,-10.644565,58
GE1-0,39.586803,-10.644203,59
GE1-0,39.585676,-10.643834,60
GE1-0,39.584554,-10.643457,61
GE1-0,39.583438,-10.643073,62
GE1-0,39.582328,-10.642681,63
GE1-0,39.581224,-10.642282,64
GE1-0,39.580129,-10.641875,65
GE1-0,39.579042,-10.641461,66
GE1-0,39.577965,-10.641039,67
GE1-0,39.576898,-10.640609,68
GE1-0,39.575842,-10.640171,69
GE1-0,39.574798,-10.639726,70
GE1-0,39.573767,-10.639272,71
GE1-0,39.572750,-10.638811,72
GE1-0,39.571747,-10.638342,73
GE1-0,39.570760,-10.637865,74
GE1-0,39.569789,-10.637380,75
GE1-0,39.568835,-10.636887,76
GE1-0,39.567898,-10.636385,77
GE1-0,39.566981,-10.635876,78
GE1-0,39.566083,-10.635359,79
GE1-0,39.565205,-10.634833,80
GE1-0,39.564349,-10.634299,81
GE1-0,39.563514,-10.633757,82
GE1-0,39.562703,-10.633207,83
GE1-0,39.561695,-10.632488,84
GE1-0,39.560715,-10.631750,85
GE1-0,39.559761,-10.630994,86
GE1-0,39.558832,-10.630220,87
GE1-0,39.557927,-10.629428,88
GE1-0,39.557044,-10.628620,89
GE1-0,39.556182,-10.627796,90
GE1-0,39.555340,-10.626957,91
GE1-0,39.554515,-10.626104,92
GE1-0,39.553708,-10.625237,93
GE1-0,39.552916,-10.624357,94
GE1-0,39.552138,-10.623464,95
GE1-0,39.551373,-10.622560,96
GE1-0,39.550620,-10.621646,97
GE1-0,39.549876,-10.620721,98
GE1-0,39.549142,-10.619786,99
GE1-0,39.548415,-10.618843,100
GE1-0,39.547693,-10.617891,101
GE1-0,39.546977,-10.616933,102
GE1-0,39.546264,-10.615967,103
GE1-0,39.545553,-10.614996,104
GE1-0,39.544842,-10.614019,105
GE1-0,39.544131,-10.613038,106
GE1-0,39.543418,-10.612053,107
GE1-0,39.542702,-10.611065,108
GE1-0,39.541980,-10.610075,109
GE1-0,39.541253,-10.609082,110
GE1-0,39.540518,-10.608089,111
GE1-0,39.539775,-10.607095,112
GE1-0,39.539021,-10.606102,113
GE1-0,39.538256,-10.605109,114
GE1-0,39.537477,-10.604119,115
GE1-0,39.536740,-10.603195,116
GE1-0,39.535996,-10.602272,117
GE1-0,39.535247,-10.601350,118
GE1-0,39.534492,-10.600428,119
GE1-0,39.533732,-10.599506,120
GE1-0,39.532968,-10.598583,121
GE1-0,39.532200,-10.597659,122
GE1-0,39.531430,-10.596733,123
GE1-0,39.530657,-10.595806,124
GE1-0,39.529883,-10.594875,125
GE1-0,39.529107,-10.593941,126
GE1-0,39.528330,-10.593004,127
GE1-0,39.527554,-10.592062,128
GE1-0,39.526778,-10.591115,129
GE1-0,39.526004,-10.590164,130
GE1-0,39.525231,-10.589206,131
GE1-0,39.524460,-10.588242,132
GE1-0,39.523692,-10.587272,133
GE1-0,39.522928,-10.586294,134
GE1-0,39.522168,-10.585309,135
GE1-0,39.521413,-10.584315,136
GE1-0,39.520663,-10.583313,137
GE1-0,39.519919,-10.582301,138
GE1-0,39.519181,-10.581280,139
GE1-0,39.518451,-10.580248,140
GE1-0,39.517728,-10.579206,141
GE1-0,39.517013,-10.578152,142
GE1-0,39.516308,-10.577087,143
GE1-0,39.515611,-10.576009,144
GE1-0,39.514925,-10.574919,145
GE1-0,39.514249,-10.573815,146
GE1-0,39.513585,-10.572698,147
GE1-0,39.512932,-10.571566,148
GE1-0,39.512291,-10.570419,149
GE1-0,39.511664,-10.569258,150
GE1-0,39.511050,-10.568080,151
GE1-0,39.510450,-10.566886,152
GE1-0,39.509916,-10.565779,153
GE1-0,39.509391,-10.564649,154
GE1-0,39.508875,-10.563496,155
GE1-0,39.508369,-10.562322,156
GE1-0,39.507872,-10.561128,157
GE1-0,39.507383,-10.559915,158
GE1-0,39.506903,-10.558683,159
GE1-0,39.506432,-10.557435,160
GE1-0,39.505968,-10.556170,161
GE1-0,39.505512,-10.554890,162
GE1-0,39.505063,-10.553597,163
GE1-0,39.504622,-10.552290,164
GE1-0,39.504188,-10.550972,165
GE1-0,39.503760,-10.549642,166
GE1-0,39.503339,-10.548303,167
GE1-0,39.502924,-10.546955,168
GE1-0,39.502515,-10.545600,169
GE1-0,39.502111,-10.544237,170
GE1-0,39.501713,-10.542869,171
GE1-0,39.501321,-10.541497,172
GE1-0,39.500933,-10.540121,173
GE1-0,39.500550,-10.538742,174
GE1-0,39.500171,-10.537361,175
GE1-0,39.499796,-10.535981,176
GE1-0,39.499425,-10.534600,177
GE1-0,39.499058,-10.533222,178
GE1-0,39.498694,-10.531846,179
GE1-0,39.498334,-10.530473,180
GE1-0,39.497976,-10.529106,181
GE1-0,39.497621,-10.527744,182
GE1-0,39.497268,-10.526389,183
GE1-0,39.496917,-10.525041,184
GE1-0,39.496568,-10.523703,185
GE1-0,39.496221,-10.522374,186
GE1-0,39.495875,-10.521057,187
GE1-0,39.495530,-10.519751,188
GE1-0,39.495186,-10.518459,189
GE1-0,39.494843,-10.517180,190
GE1-0,39.494499,-10.515917,191
GE1-0,39.494156,-10.514669,192
GE1-0,39.493813,-10.513439,193
GE1-0,39.493469,-10.512227,194
GE1-0,39.493125,-10.511034,195
GE1-0,39.492779,-10.509862,196
GE1-0,39.492432,-10.508711,197
GE1-0,39.491660,-10.509650,198
GE1-0,39.490887,-10.510590,199
GE1-0,39.490114,-10.511529,200
GE1-0,39.489342,-10.512469,201
GE1-0,39.488569,-10.513409,202
GE1-0,39.487796,-10.514348,203
GE1-0,39.487023,-10.515288,204
GE1-0,39.486251,-10.516227,205
GE1-0,39.485478,-10.517167,206
GE1-0,39.484705,-10.518106,207
GE1-0,39.483933,-10.519046,208
GE1-0,39.483160,-10.519985,209
GE1-0,39.482387,-10.520925,210
GE1-0,39.481615,-10.521865,211
GE1-0,39.480842,-10.522804,212
GE1-0,39.480069,-10.523744,213
GE1-0,39.479296,-10.524683,214
GE1-0,39.478524,-10.525623,215
GE1-0,39.477751,-10.526562,216
GE1-0,39.476978,-10.527502,217
GE1-0,39.476310,-10.530495,218
GE1-0,39.474218,-10.530007,219
GE1-0,39.473752,-10.532640,220
GE1-0,39.471188,-10.532184,221
GE1-0,39.470462,-10.535014,222
GE1-0,39.470201,-10.538590,223
GE1-0,39.470462,-10.535014,224
GE1-0,39.471188,-10.532184,225
GE1-0,39.473752,-10.532640,226
GE1-0,39.474218,-10.530007,227
GE1-0,39.476310,-10.530495,228
GE1-0,39.476978,-10.527502,229
GE1-0,39.477751,-10.526562,230
GE1-0,39.478524,-10.525623,231
GE1-0,39.479296,-10.524683,232
GE1-0,39.480069,-10.523744,233
GE1-0,39.480842,-10.522804,234
GE1-0,39.481615,-10.521865,235
GE1-0,39.482387,-10.520925,236
GE1-0,39.483160,-10.519985,237
GE1-0,39.483933,-10.519046,238
GE1-0,39.484705,-10.518106,239
GE1-0,39.485478,-10.517167,240
GE1-0,39.486251,-10.516227,241
GE1-0,39.487023,-10.515288,242
GE1-0,39.487796,-10.514348,243
GE1-0,39.488569,-10.513409,244
GE1-0,39.489342,-10.512469,245
GE1-0,39.490114,-10.511529,246
GE1-0,39.490887,-10.510590,247
GE1-0,39.491660,-10.509650,248
GE1-0,39.492432,-10.508711,249
GE1-0,39.491999,-10.507280,250
GE1-0,39.491577,-10.505865,251
GE1-0,39.491165,-10.504466,252
GE1-0,39.490762,-10.503082,253
GE1-0,39.490367,-10.501713,254
GE1-0,39.489980,-10.500357,255
GE1-0,39.489599,-10.499014,256
GE1-0,39.489224,-10.497684,257
GE1-0,39.488854,-10.496365,258
GE1-0,39.488488,-10.495058,259
GE1-0,39.488125,-10.493761,260
GE1-0,39.487765,-10.492473,261
GE1-0,39.487406,-10.491195,262
GE1-0,39.487047,-10.489925,263
GE1-0,39.486689,-10.488663,264
GE1-0,39.486329,-10.487407,265
GE1-0,39.485967,-10.486158,266
GE1-0,39.485603,-10.484915,267
GE1-0,39.485235,-10.483676,268
GE1-0,39.484863,-10.482442,269
GE1-0,39.484485,-10.481211,270
GE1-0,39.484101,-10.479984,271
GE1-0,39.483710,-10.478758,272
GE1-0,39.483312,-10.477535,273
GE1-0,39.482904,-10.476312,274
GE1-0,39.482487,-10.475089,275
GE1-0,39.482060,-10.473866,276
GE1-0,39.481622,-10.472642,277
GE1-0,39.481163,-10.471379,278
GE1-0,39.480710,-10.470132,279
GE1-0,39.480261,-10.468900,280
GE1-0,39.479815,-10.467681,281
GE1-0,39.479370,-10.466474,282
GE1-0,39.478925,-10.465278,283
GE1-0,39.478479,-10.464090,284
GE1-0,39.478031,-10.462909,285
GE1-0,39.477579,-10.461734,286
GE1-0,39.477122,-10.460564,287
GE1-0,39.476659,-10.459397,288
GE1-0,39.476189,-10.458231,289
GE1-0,39.475709,-10.457064,290
GE1-0,39.475220,-10.455897,291
GE1-0,39.474720,-10.454726,292
GE1-0,39.474207,-10.453551,293
GE1-0,39.473680,-10.452370,294
GE1-0,39.473138,-10.451181,295
GE1-0,39.472580,-10.449984,296
GE1-0,39.472004,-10.448776,297
GE1-0,39.471409,-10.447556,298
GE1-0,39.470795,-10.446323,299
GE1-0,39.470158,-10.445075,300
GE1-0,39.469499,-10.443811,301
GE1-0,39.468816,-10.442529,302
GE1-0,39.468108,-10.441227,303
GE1-0,39.467592,-10.440291,304
GE1-0,39.467063,-10.439337,305
GE1-0,39.466520,-10.438365,306
GE1-0,39.465965,-10.437377,307
GE1-0,39.465398,-10.436373,308
GE1-0,39.464819,-10.435354,309
GE1-0,39.464228,-10.434320,310
GE1-0,39.463626,-10.433274,311
GE1-0,39.463013,-10.432216,312
GE1-0,39.462390,-10.431146,313
GE1-0,39.461756,-10.430065,314
GE1-0,39.461112,-10.428976,315
GE1-0,39.460459,-10.427877,316
GE1-0,39.459797,-10.426771,317
GE1-0,39.459126,-10.425657,318
GE1-0,39.458446,-10.424538,319
GE1-0,39.457758,-10.423413,320
GE1-0,39.457062,-10.422285,321
GE1-0,39.456359,-10.421153,322
GE1-0,39.455648,-10.420018,323
GE1-0,39.454931,-10.418882,324
GE1-0,39.454207,-10.417745,325
GE1-0,39.453478,-10.416608,326
GE1-0,39.452742,-10.415472,327
GE1-0,39.452001,-10.414339,328
GE1-0,39.451254,-10.413208,329
GE1-0,39.450503,-10.412081,330
GE1-0,39.449748,-10.410958,331
GE1-0,39.448988,-10.409841,332
GE1-0,39.448225,-10.408730,333
GE1-0,39.447458,-10.407627,334
GE1-0,39.446688,-10.406532,335
GE1-0,39.445916,-10.405445,336
GE1-0,39.445141,-10.404369,337
GE1-0,39.444364,-10.403304,338
GE1-0,39.443585,-10.402250,339
GE1-0,39.442805,-10.401209,340
GE1-0,39.442024,-10.400181,341
GE1-0,39.441242,-10.399168,342
GE1-0,39.440460,-10.398170,343
GE1-0,39.439678,-10.397188,344
GE1-0,39.438896,-10.396223,345
GE1-0,39.438115,-10.395276,346
GE1-0,39.437335,-10.394348,347
GE1-0,39.436556,-10.393439,348
GE1-0,39.435779,-10.392551,349
GE1-0,39.435004,-10.391685,350
GE1-0,39.434231,-10.390841,351
GE1-0,39.433461,-10.390020,352
GE1-0,39.432694,-10.389223,353
GE1-0,39.431931,-10.388451,354
GE1-0,39.431171,-10.387706,355
GE1-0,39.430264,-10.386847,356
GE1-0,39.429352,-10.386018,357
GE1-0,39.428434,-10.385218,358
GE1-0,39.427511,-10.384445,359
GE1-0,39.426584,-10.383698,360
GE1-0,39.425652,-10.382977,361
GE1-0,39.424716,-10.382279,362
GE1-0,39.423776,-10.381603,363
GE1-0,39.422832,-10.380949,364
GE1-0,39.421885,-10.380314,365
GE1-0,39.420935,-10.379699,366
GE1-0,39.419982,-10.379101,367
GE1-0,39.419026,-10.378519,368
GE1-0,39.418068,-10.377952,369
GE1-0,39.417108,-10.377399,370
GE1-0,39.416146,-10.376858,371
GE1-0,39.415183,-10.376329,372
GE1-0,39.414218,-10.375810,373
GE1-0,39.413253,-10.375299,374
GE1-0,39.412286,-10.374796,375
GE1-0,39.411319,-10.374299,376
GE1-0,39.410352,-10.373808,377
GE1-0,39.409385,-10.373320,378
GE1-0,39.408418,-10.372835,379
GE1-0,39.407452,-10.372351,380
GE1-0,39.406487,-10.371867,381
GE1-0,39.405522,-10.371382,382
GE1-0,39.404559,-10.370895,383
GE1-0,39.403598,-10.370404,384
GE1-0,39.402639,-10.369909,385
GE1-0,39.401682,-10.369407,386
GE1-0,39.400727,-10.368898,387
GE1-0,39.399775,-10.368380,388
GE1-0,39.398825,-10.367852,389
GE1-0,39.397879,-10.367313,390
GE1-0,39.396937,-10.366762,391
GE1-0,39.395947,-10.366172,392
GE1-0,39.394964,-10.365579,393
GE1-0,39.393986,-10.364983,394
GE1-0,39.393014,-10.364385,395
GE1-0,39.392046,-10.363786,396
GE1-0,39.391083,-10.363186,397
GE1-0,39.390123,-10.362585,398
GE1-0,39.389166,-10.361984,399
GE1-0,39.388211,-10.361383,400
GE1-0,39.387258,-10.360782,401
GE1-0,39.386307,-10.360183,402
GE1-0,39.385356,-10.359585,403
GE1-0,39.384405,-10.358989,404
GE1-0,39.383453,-10.358396,405
GE1-0,39.382501,-10.357805,406
GE1-0,39.381547,-10.357217,407
GE1-0,39.380590,-10.356634,408
GE1-0,39.379631,-10.356054,409
GE1-0,39.378668,-10.355479,410
GE1-0,39.377701,-10.354908,411
GE1-0,39.376730,-10.354344,412
GE1-0,39.375753,-10.353785,413
GE1-0,39.374771,-10.353232,414
GE1-0,39.373783,-10.352686,415
GE1-0,39.372787,-10.352147,416
GE1-0,39.371784,-10.351616,417
GE1-0,39.370773,-10.351093,418
GE1-0,39.369753,-10.350578,419
GE1-0,39.368724,-10.350072,420
GE1-0,39.367686,-10.349575,421
GE1-0,39.366636,-10.349089,422
GE1-0,39.365576,-10.348612,423
GE1-0,39.364505,-10.348146,424
GE1-0,39.363545,-10.347741,425
GE1-0,39.362579,-10.347343,426
GE1-0,39.361606,-10.346951,427
GE1-0,39.360627,-10.346565,428
GE1-0,39.359642,-10.346186,429
GE1-0,39.358651,-10.345813,430
GE1-0,39.357654,-10.345446,431
GE1-0,39.356651,-10.345084,432
GE1-0,39.355643,-10.344729,433
GE1-0,39.354629,-10.344379,434
GE1-0,39.353611,-10.344035,435
GE1-0,39.352587,-10.343696,436
GE1-0,39.351558,-10.343362,437
GE1-0,39.350525,-10.343033,438
GE1-0,39.349487,-10.342709,439
GE1-0,39.348445,-10.342390,440
GE1-0,39.347398,-10.342076,441
GE1-0,39.346348,-10.341766,442
GE1-0,39.345293,-10.341461,443
GE1-0,39.344235,-10.341160,444
GE1-0,39.343174,-10.340863,445
GE1-0,39.342109,-10.340570,446
GE1-0,39.341041,-10.340281,447
GE1-0,39.339969,-10.339995,448
GE1-0,39.338895,-10.339714,449
GE1-0,39.337819,-10.339435,450
GE1-0,39.336740,-10.339160,451
GE1-0,39.335658,-10.338889,452
GE1-0,39.334574,-10.338620,453
GE1-0,39.333488,-10.338354,454
GE1-0,39.332401,-10.338092,455
GE1-0,39.331311,-10.337831,456
GE1-0,39.330220,-10.337574,457
GE1-0,39.329128,-10.337319,458
GE1-0,39.328034,-10.337066,459
GE1-0,39.326940,-10.336815,460
GE1-0,39.325845,-10.336566,461
GE1-0,39.324748,-10.336319,462
GE1-0,39.323652,-10.336074,463
GE1-0,39.322555,-10.335830,464
GE1-0,39.321458,-10.335588,465
GE1-0,39.320360,-10.335347,466
GE1-0,39.319351,-10.335130,467
GE1-0,39.318338,-10.334917,468
GE1-0,39.317321,-10.334709,469
GE1-0,39.316301,-10.334505,470
GE1-0,39.315278,-10.334306,471
GE1-0,39.314251,-10.334112,472
GE1-0,39.313222,-10.333922,473
GE1-0,39.312189,-10.333736,474
GE1-0,39.311154,-10.333554,475
GE1-0,39.310116,-10.333375,476
GE1-0,39.309076,-10.333200,477
GE1-0,39.308033,-10.333029,478
GE1-0,39.306988,-10.332861,479
GE1-0,39.305940,-10.332696,480
GE1-0,39.304891,-10.332534,481
GE1-0,39.303839,-10.332375,482
GE1-0,39.302786,-10.332218,483
GE1-0,39.301730,-10.332064,484
GE1-0,39.300673,-10.331913,485
GE1-0,39.299615,-10.331763,486
GE1-0,39.298555,-10.331616,487
GE1-0,39.297494,-10.331470,488
GE1-0,39.296431,-10.331326,489
GE1-0,39.295368,-10.331184,490
GE1-0,39.294303,-10.331043,491
GE1-0,39.293238,-10.330903,492
GE1-0,39.292172,-10.330764,493
GE1-0,39.291105,-10.330626,494
GE1-0,39.290037,-10.330489,495
GE1-0,39.288970,-10.330353,496
GE1-0,39.287902,-10.330216,497
GE1-0,39.286833,-10.330081,498
GE1-0,39.285765,-10.329945,499
GE1-0,39.284697,-10.329809,500
GE1-0,39.283629,-10.329673,501
GE1-0,39.282561,-10.329537,502
GE1-0,39.281493,-10.329400,503
GE1-0,39.280426,-10.329262,504
GE1-0,39.279360,-10.329124,505
GE1-0,39.278294,-10.328984,506
GE1-0,39.277229,-10.328844,507
GE1-0,39.276165,-10.328702,508
GE1-0,39.275103,-10.328558,509
GE1-0,39.274041,-10.328413,510
GE1-0,39.272981,-10.328266,511
GE1-0,39.271922,-10.328118,512
GE1-0,39.270864,-10.327967,513
GE1-0,39.269808,-10.327813,514
GE1-0,39.268754,-10.327658,515
GE1-0,39.266347,-10.326965,516
GE1-1,39.266347,-10.326965,1
GE1-1,39.268754,-10.327658,2
GE1-1,39.269808,-10.327813,3
GE1-1,39.270864,-10.327967,4
GE1-1,39.271922,-10.328118,5
GE1-1,39.272981,-10.328266,6
GE1-1,39.274041,-10.328413,7
GE1-1,39.275103,-10.328558,8
GE1-1,39.276165,-10.328702,9
GE1-1,39.277229,-10.328844,10
GE1-1,39.278294,-10.328984,11
GE1-1,39.279360,-10.329124,12
GE1-1,39.280426,-10.329262,13
GE1-1,39.281493,-10.329400,14
GE1-1,39.282561,-10.329537,15
GE1-1,39.283629,-10.329673,16
GE1-1,39.284697,-10.329809,17
GE1-1,39.285765,-10.329945,18
GE1-1,39.286833,-10.330081,19
GE1-1,39.287902,-10.330216,20
GE1-1,39.288970,-10.330353,21
GE1-1,39.290037,-10.330489,22
GE1-1,39.291105,-10.330626,23
GE1-1,39.292172,-10.330764,24
GE1-1,39.293238,-10.330903,25
GE1-1,39.294303,-10.331043,26
GE1-1,39.295368,-10.331184,27
GE1-1,39.296431,-10.331326,28
GE1-1,39.297494,-10.331470,29
GE1-1,39.298555,-10.331616,30
GE1-1,39.299615,-10.331763,31
GE1-1,39.300673,-10.331913,32
GE1-1,39.301730,-10.332064,33
GE1-1,39.302786,-10.332218,34
GE1-1,39.303839,-10.332375,35
GE1-1,39.304891,-10.332534,36
GE1-1,39.305940,-10.332696,37
GE1-1,39.306988,-10.332861,38
GE1-1,39.308033,-10.333029,39
GE1-1,39.309076,-10.333200,40
GE1-1,39.310116,-10.333375,41
GE1-1,39.311154,-10.333554,42
GE1-1,39.312189,-10.333736,43
GE1-1,39.313222,-10.333922,44
GE1-1,39.314251,-10.334112,45
GE1-1,39.315278,-10.334306,46
GE1-1,39.316301,-10.334505,47
GE1-1,39.317321,-10.334709,48
GE1-1,39.318338,-10.334917,49
GE1-1,39.319351,-10.335130,50
GE1-1,39.320360,-10.335347,51
GE1-1,39.321458,-10.335588,52
GE1-1,39.322555,-10.335830,53
GE1-1,39.323652,-10.336074,54
GE1-1,39.324748,-10.336319,55
GE1-1,39.325845,-10.336566,56
GE1-1,39.326940,-10.336815,57
GE1-1,39.328034,-10.337066,58
GE1-1,39.329128,-10.337319,59
GE1-1,39.330220,-10.337574,60
GE1-1,39.331311,-10.337831,61
GE1-1,39.332401,-10.338092,62
GE1-1,39.333488,-10.338354,63
GE1-1,39.334574,-10.338620,64
GE1-1,39.335658,-10.338889,65
GE1-1,39.336740,-10.339160,66
GE1-1,39.337819,-10.339435,67
GE1-1,39.338895,-10.339714,68
GE1-1,39.339969,-10.339995,69
GE1-1,39.341041,-10.340281,70
GE1-1,39.342109,-10.340570,71
GE1-1,39.343174,-10.340863,72
GE1-1,39.344235,-10.341160,73
GE1-1,39.345293,-10.341461,74
GE1-1,39.346348,-10.341766,75
GE1-1,39.347398,-10.342076,76
GE1-1,39.348445,-10.342390,77
GE1-1,39.349487,-10.342709,78
GE1-1,39.350525,-10.343033,79
GE1-1,39.351558,-10.343362,80
GE1-1,39.352587,-10.343696,81
GE1-1,39.353611,-10.344035,82
GE1-1,39.354629,-10.344379,83
GE1-1,39.355643,-10.344729,84
GE1-1,39.356651,-10.345084,85
GE1-1,39.357654,-10.345446,86
GE1-1,39.358651,-10.345813,87
GE1-1,39.359642,-10.346186,88
GE1-1,39.360627,-10.346565,89
GE1-1,39.361606,-10.346951,90
GE1-1,39.362579,-10.347343,91
GE1-1,39.363545,-10.347741,92
GE1-1,39.364505,-10.348146,93
GE1-1,39.365576,-10.348612,94
GE1-1,39.366636,-10.349089,95
GE1-1,39.367686,-10.349575,96
GE1-1,39.368724,-10.350072,97
GE1-1,39.369753,-10.350578,98
GE1-1,39.370773,-10.351093,99
GE1-1,39.371784,-10.351616,100
GE1-1,39.372787,-10.352147,101
GE1-1,39.373783,-10.352686,102
GE1-1,39.374771,-10.353232,103
GE1-1,39.375753,-10.353785,104
GE1-1,39.376730,-10.354344,105
GE1-1,39.377701,-10.354908,106
GE1-1,39.378668,-10.355479,107
GE1-1,39.379631,-10.356054,108
GE1-1,39.380590,-10.356634,109
GE1-1,39.381547,-10.357217,110
GE1-1,39.382501,-10.357805,111
GE1-1,39.383453,-10.358396,112
GE1-1,39.384405,-10.358989,113
GE1-1,39.385356,-10.359585,114
GE1-1,39.386307,-10.360183,115
GE1-1,39.387258,-10.360782,116
GE1-1,39.388211,-10.361383,117
GE1-1,39.389166,-10.361984,118
GE1-1,39.390123,-10.362585,119
GE1-1,39.391083,-10.363186,120
GE1-1,39.392046,-10.363786,121
GE1-1,39.393014,-10.364385,122
GE1-1,39.393986,-10.364983,123
GE1-1,39.394964,-10.365579,124
GE1-1,39.395947,-10.366172,125
GE1-1,39.396937,-10.366762,126
GE1-1,39.397879,-10.367313,127
GE1-1,39.398825,-10.367852,128
GE1-1,39.399775,-10.368380,129
GE1-1,39.400727,-10.368898,130
GE1-1,39.401682,-10.369407,131
GE1-1,39.402639,-10.369909,132
GE1-1,39.403598,-10.370404,133
GE1-1,39.404559,-10.370895,134
GE1-1,39.405522,-10.371382,135
GE1-1,39.406487,-10.371867,136
GE1-1,39.407452,-10.372351,137
GE1-1,39.408418,-10.372835,138
GE1-1,39.409385,-10.373320,139
GE1-1,39.410352,-10.373808,140
GE1-1,39.411319,-10.374299,141
GE1-1,39.412286,-10.374796,142
GE1-1,39.413253,-10.375299,143
GE1-1,39.414218,-10.375810,144
GE1-1,39.415183,-10.376329,145
GE1-1,39.416146,-10.376858,146
GE1-1,39.417108,-10.377399,147
GE1-1,39.418068,-10.377952,148
GE1-1,39.419026,-10.378519,149
GE1-1,39.419982,-10.379101,150
GE1-1,39.420935,-10.379699,151
GE1-1,39.421885,-10.380314,152
GE1-1,39.422832,-10.380949,153
GE1-1,39.423776,-10.381603,154
GE1-1,39.424716,-10.382279,155
GE1-1,39.425652,-10.382977,156
GE1-1,39.426584,-10.383698,157
GE1-1,39.427511,-10.384445,158
GE1-1,39.428434,-10.385218,159
GE1-1,39.429352,-10.386018,160
GE1-1,39.430264,-10.386847,161
GE1-1,39.431171,-10.387706,162
GE1-1,39.431931,-10.388451,163
GE1-1,39.432694,-10.389223,164
GE1-1,39.433461,-10.390020,165
GE1-1,39.434231,-10.390841,166
GE1-1,39.435004,-10.391685,167
GE1-1,39.435779,-10.392551,168
GE1-1,39.436556,-10.393439,169
GE1-1,39.437335,-10.394348,170
GE1-1,39.438115,-10.395276,171
GE1-1,39.438896,-10.396223,172
GE1-1,39.439678,-10.397188,173
GE1-1,39.440460,-10.398170,174
GE1-1,39.441242,-10.399168,175
GE1-1,39.442024,-10.400181,176
GE1-1,39.442805,-10.401209,177
GE1-1,39.443585,-10.402250,178
GE1-1,39.444364,-10.403304,179
GE1-1,39.445141,-10.404369,180
GE1-1,39.445916,-10.405445,181
GE1-1,39.446688,-10.406532,182
GE1-1,39.447458,-10.407627,183
GE1-1,39.448225,-10.408730,184
GE1-1,39.448988,-10.409841,185
GE1-1,39.449748,-10.410958,186
GE1-1,39.450503,-10.412081,187
GE1-1,39.451254,-10.413208,188
GE1-1,39.452001,-10.414339,189
GE1-1,39.452742,-10.415472,190
GE1-1,39.453478,-10.416608,191
GE1-1,39.454207,-10.417745,192
GE1-1,39.454931,-10.418882,193
GE1-1,39.455648,-10.420018,194
GE1-1,39.456359,-10.421153,195
GE1-1,39.457062,-10.422285,196
GE1-1,39.457758,-10.423413,197
GE1-1,39.458446,-10.424538,198
GE1-1,39.459126,-10.425657,199
GE1-1,39.459797,-10.426771,200
GE1-1,39.460459,-10.427877,201
GE1-1,39.461112,-10.428976,202
GE1-1,39.461756,-10.430065,203
GE1-1,39.462390,-10.431146,204
GE1-1,39.463013,-10.432216,205
GE1-1,39.463626,-10.433274,206
GE1-1,39.464228,-10.434320,207
GE1-1,39.464819,-10.435354,208
GE1-1,39.465398,-10.436373,209
GE1-1,39.465965,-10.437377,210
GE1-1,39.466520,-10.438365,211
GE1-1,39.467063,-10.439337,212
GE1-1,39.467592,-10.440291,213
GE1-1,39.468108,-10.441227,214
GE1-1,39.468816,-10.442529,215
GE1-1,39.469499,-10.443811,216
GE1-1,39.470158,-10.445075,217
GE1-1,39.470795,-10.446323,218
GE1-1,39.471409,-10.447556,219
GE1-1,39.472004,-10.448776,220
GE1-1,39.472580,-10.449984,221
GE1-1,39.473138,-10.451181,222
GE1-1,39.473680,-10.452370,223
GE1-1,39.474207,-10.453551,224
GE1-1,39.474720,-10.454726,225
GE1-1,39.475220,-10.455897,226
GE1-1,39.475709,-10.457064,227
GE1-1,39.476189,-10.458231,228
GE1-1,39.476659,-10.459397,229
GE1-1,39.477122,-10.460564,230
GE1-1,39.477579,-10.461734,231
GE1-1,39.478031,-10.462909,232
GE1-1,39.478479,-10.464090,233
GE1-1,39.478925,-10.465278,234
GE1-1,39.479370,-10.466474,235
GE1-1,39.479815,-10.467681,236
GE1-1,39.480261,-10.468900,237
GE1-1,39.480710,-10.470132,238
GE1-1,39.481163,-10.471379,239
GE1-1,39.481622,-10.472642,240
GE1-1,39.482060,-10.473866,241
GE1-1,39.482487,-10.475089,242
GE1-1,39.482904,-10.476312,243
GE1-1,39.483312,-10.477535,244
GE1-1,39.483710,-10.478758,245
GE1-1,39.484101,-10.479984,246
GE1-1,39.484485,-10.481211,247
GE1-1,39.484863,-10.482442,248
GE1-1,39.485235,-10.483676,249
GE1-1,39.485603,-10.484915,250
GE1-1,39.485967,-10.486158,251
GE1-1,39.486329,-10.487407,252
GE1-1,39.486689,-10.488663,253
GE1-1,39.487047,-10.489925,254
GE1-1,39.487406,-10.491195,255
GE1-1,39.487765,-10.492473,256
GE1-1,39.488125,-10.493761,257
GE1-1,39.488488,-10.495058,258
GE1-1,39.488854,-10.496365,259
GE1-1,39.489224,-10.497684,260
GE1-1,39.489599,-10.499014,261
GE1-1,39.489980,-10.500357,262
GE1-1,39.490367,-10.501713,263
GE1-1,39.490762,-10.503082,264
GE1-1,39.491165,-10.504466,265
GE1-1,39.491577,-10.505865,266
GE1-1,39.491999,-10.507280,267
GE1-1,39.492432,-10.508711,268
GE1-1,39.491660,-10.509650,269
GE1-1,39.490887,-10.510590,270
GE1-1,39.490114,-10.511529,271
GE1-1,39.489342,-10.512469,272
GE1-1,39.488569,-10.513409,273
GE1-1,39.487796,-10.514348,274
GE1-1,39.487023,-10.515288,275
GE1-1,39.486251,-10.516227,276
GE1-1,39.485478,-10.517167,277
GE1-1,39.484705,-10.518106,278
GE1-1,39.483933,-10.519046,279
GE1-1,39.483160,-10.519985,280
GE1-1,39.482387,-10.520925,281
GE1-1,39.481615,-10.521865,282
GE1-1,39.480842,-10.522804,283
GE1-1,39.480069,-10.523744,284
GE1-1,39.479296,-10.524683,285
GE1-1,39.478524,-10.525623,286
GE1-1,39.477751,-10.526562,287
GE1-1,39.476978,-10.527502,288
GE1-1,39.476310,-10.530495,289
GE1-1,39.474218,-10.530007,290
GE1-1,39.473752,-10.532640,291
GE1-1,39.471188,-10.532184,292
GE1-1,39.470462,-10.535014,293
GE1-1,39.470201,-10.538590,294
GE1-1,39.470462,-10.535014,295
GE1-1,39.471188,-10.532184,296
GE1-1,39.473752,-10.532640,297
GE1-1,39.474218,-10.530007,298
GE1-1,39.476310,-10.530495,299
GE1-1,39.476978,-10.527502,300
GE1-1,39.477751,-10.526562,301
GE1-1,39.478524,-10.525623,302
GE1-1,39.479296,-10.524683,303
GE1-1,39.480069,-10.523744,304
GE1-1,39.480842,-10.522804,305
GE1-1,39.481615,-10.521865,306
GE1-1,39.482387,-10.520925,307
GE1-1,39.483160,-10.519985,308
GE1-1,39.483933,-10.519046,309
GE1-1,39.484705,-10.518106,310
GE1-1,39.485478,-10.517167,311
GE1-1,39.486251,-10.516227,312
GE1-1,39.487023,-10.515288,313
GE1-1,39.487796,-10.514348,314
GE1-1,39.488569,-10.513409,315
GE1-1,39.489342,-10.512469,316
GE1-1,39.490114,-10.511529,317
GE1-1,39.490887,-10.510590,318
GE1-1,39.491660,-10.509650,319
GE1-1,39.492432,-10.508711,320
GE1-1,39.492779,-10.509862,321
GE1-1,39.493125,-10.511034,322
GE1-1,39.493469,-10.512227,323
GE1-1,39.493813,-10.513439,324
GE1-1,39.494156,-10.514669,325
GE1-1,39.494499,-10.515917,326
GE1-1,39.494843,-10.517180,327
GE1-1,39.495186,-10.518459,328
GE1-1,39.495530,-10.519751,329
GE1-1,39.495875,-10.521057,330
GE1-1,39.496221,-10.522374,331
GE1-1,39.496568,-10.523703,332
GE1-1,39.496917,-10.525041,333
GE1-1,39.497268,-10.526389,334
GE1-1,39.497621,-10.527744,335
GE1-1,39.497976,-10.529106,336
GE1-1,39.498334,-10.530473,337
GE1-1,39.498694,-10.531846,338
GE1-1,39.499058,-10.533222,339
GE1-1,39.499425,-10.534600,340
GE1-1,39.499796,-10.535981,341
GE1-1,39.500171,-10.537361,342
GE1-1,39.500550,-10.538742,343
GE1-1,39.500933,-10.540121,344
GE1-1,39.501321,-10.541497,345
GE1-1,39.501713,-10.542869,346
GE1-1,39.502111,-10.544237,347
GE1-1,39.502515,-10.545600,348
GE1-1,39.502924,-10.546955,349
GE1-1,39.503339,-10.548303,350
GE1-1,39.503760,-10.549642,351
GE1-1,39.504188,-10.550972,352
GE1-1,39.504622,-10.552290,353
GE1-1,39.505063,-10.553597,354
GE1-1,39.505512,-10.554890,355
GE1-1,39.505968,-10.556170,356
GE1-1,39.506432,-10.557435,357
GE1-1,39.506903,-10.558683,358
GE1-1,39.507383,-10.559915,359
GE1-1,39.507872,-10.561128,360
GE1-1,39.508369,-10.562322,361
GE1-1,39.508875,-10.563496,362
GE1-1,39.509391,-10.564649,363
GE1-1,39.509916,-10.565779,364
GE1-1,39.510450,-10.566886,365
GE1-1,39.511050,-10.568080,366
GE1-1,39.511664,-10.569258,367
GE1-1,39.512291,-10.570419,368
GE1-1,39.512932,-10.571566,369
GE1-1,39.513585,-10.572698,370
GE1-1,39.514249,-10.573815,371
GE1-1,39.514925,-10.574919,372
GE1-1,39.515611,-10.576009,373
GE1-1,39.516308,-10.577087,374
GE1-1,39.517013,-10.578152,375
GE1-1,39.517728,-10.579206,376
GE1-1,39.518451,-10.580248,377
GE1-1,39.519181,-10.581280,378
GE1-1,39.519919,-10.582301,379
GE1-1,39.520663,-10.583313,380
GE1-1,39.521413,-10.584315,381
GE1-1,39.522168,-10.585309,382
GE1-1,39.522928,-10.586294,383
GE1-1,39.523692,-10.587272,384
GE1-1,39.524460,-10.588242,385
GE1-1,39.525231,-10.589206,386
GE1-1,39.526004,-10.590164,387
GE1-1,39.526778,-10.591115,388
GE1-1,39.527554,-10.592062,389
GE1-1,39.528330,-10.593004,390
GE1-1,39.529107,-10.593941,391
GE1-1,39.529883,-10.594875,392
GE1-1,39.530657,-10.595806,393
GE1-1,39.531430,-10.596733,394
GE1-1,39.532200,-10.597659,395
GE1-1,39.532968,-10.598583,396
GE1-1,39.533732,-10.599506,397
GE1-1,39.534492,-10.600428,398
GE1-1,39.535247,-10.601350,399
GE1-1,39.535996,-10.602272,400
GE1-1,39.536740,-10.603195,401
GE1-1,39.537477,-10.604119,402
GE1-1,39.538256,-10.605109,403
GE1-1,39.539021,-10.606102,404
GE1-1,39.539775,-10.607095,405
GE1-1,39.540518,-10.608089,406
GE1-1,39.541253,-10.609082,407
GE1-1,39.541980,-10.610075,408
GE1-1,39.542702,-10.611065,409
GE1-1,39.543418,-10.612053,410
GE1-1,39.544131,-10.613038,411
GE1-1,39.544842,-10.614019,412
GE1-1,39.545553,-10.614996,413
GE1-1,39.546264,-10.615967,414
GE1-1,39.546977,-10.616933,415
GE1-1,39.547693,-10.617891,416
GE1-1,39.548415,-10.618843,417
GE1-1,39.549142,-10.619786,418
GE1-1,39.549876,-10.620721,419
GE1-1,39.550620,-10.621646,420
GE1-1,39.551373,-10.622560,421
GE1-1,39.552138,-10.623464,422
GE1-1,39.552916,-10.624357,423
GE1-1,39.553708,-10.625237,424
GE1-1,39.554515,-10.626104,425
GE1-1,39.555340,-10.626957,426
GE1-1,39.556182,-10.627796,427
GE1-1,39.557044,-10.628620,428
GE1-1,39.557927,-10.629428,429
GE1-1,39.558832,-10.630220,430
GE1-1,39.559761,-10.630994,431
GE1-1,39.560715,-10.631750,432
GE1-1,39.561695,-10.632488,433
GE1-1,39.562703,-10.633207,434
GE1-1,39.563514,-10.633757,435
GE1-1,39.564349,-10.634299,436
GE1-1,39.565205,-10.634833,437
GE1-1,39.566083,-10.635359,438
GE1-1,39.566981,-10.635876,439
GE1-1,39.567898,-10.636385,440
GE1-1,39.568835,-10.636887,441
GE1-1,39.569789,-10.637380,442
GE1-1,39.570760,-10.637865,443
GE1-1,39.571747,-10.638342,444
GE1-1,39.572750,-10.638811,445
GE1-1,39.573767,-10.639272,446
GE1-1,39.574798,-10.639726,447
GE1-1,39.575842,-10.640171,448
GE1-1,39.576898,-10.640609,449
GE1-1,39.577965,-10.641039,450
GE1-1,39.579042,-10.641461,451
GE1-1,39.580129,-10.641875,452
GE1-1,39.581224,-10.642282,453
GE1-1,39.582328,-10.642681,454
GE1-1,39.583438,-10.643073,455
GE1-1,39.584554,-10.643457,456
GE1-1,39.585676,-10.643834,457
GE1-1,39.586803,-10.644203,458
GE1-1,39.587932,-10.644565,459
GE1-1,39.589065,-10.644919,460
GE1-1,39.590200,-10.645266,461
GE1-1,39.591336,-10.645605,462
GE1-1,39.592472,-10.645938,463
GE1-1,39.593608,-10.646263,464
GE1-1,39.594742,-10.646580,465
GE1-1,39.595874,-10.646891,466
GE1-1,39.597003,-10.647195,467
GE1-1,39.598128,-10.647491,468
GE1-1,39.599249,-10.647780,469
GE1-1,39.600363,-10.648063,470
GE1-1,39.601472,-10.648338,471
GE1-1,39.602573,-10.648606,472
GE1-1,39.603666,-10.648868,473
GE1-1,39.604751,-10.649122,474
GE1-1,39.605825,-10.649370,475
GE1-1,39.606889,-10.649611,476
GE1-1,39.607942,-10.649845,477
GE1-1,39.608983,-10.650073,478
GE1-1,39.610010,-10.650293,479
GE1-1,39.611023,-10.650508,480
GE1-1,39.612022,-10.650715,481
GE1-1,39.613005,-10.650916,482
GE1-1,39.613972,-10.651110,483
GE1-1,39.614921,-10.651298,484
GE1-1,39.615853,-10.651479,485
GE1-1,39.616765,-10.651654,486
GE1-1,39.617658,-10.651823,487
GE1-1,39.618850,-10.652035,488
GE1-1,39.620021,-10.652223,489
GE1-1,39.621173,-10.652388,490
GE1-1,39.622307,-10.652531,491
GE1-1,39.623424,-10.652653,492
GE1-1,39.624526,-10.652756,493
GE1-1,39.625612,-10.652841,494
GE1-1,39.626685,-10.652911,495
GE1-1,39.627746,-10.652965,496
GE1-1,39.628795,-10.653006,497
GE1-1,39.629834,-10.653034,498
GE1-1,39.630865,-10.653052,499
GE1-1,39.631888,-10.653061,500
GE1-1,39.632904,-10.653062,501
GE1-1,39.633914,-10.653056,502
GE1-1,39.634921,-10.653045,503
GE1-1,39.635924,-10.653031,504
GE1-1,39.636926,-10.653014,505
GE1-1,39.637927,-10.652996,506
GE1-1,39.638928,-10.652979,507
GE1-1,39.639930,-10.652963,508
GE1-1,39.640936,-10.652951,509
GE1-1,39.641945,-10.652944,510
GE1-1,39.642959,-10.652942,511
GE1-1,39.643980,-10.652948,512
GE1-1,39.645007,-10.652963,513
GE1-1,39.646044,-10.652988,514
GE1-1,39.647090,-10.653024,515
GE1-1,39.649213,-10.653140,516
