shape_id,shape_pt_lat,shape_pt_lon,shape_pt_sequence
RA1-0,39.470201,-10.538590,1
RA1-0,39.472533,-10.539339,2
RA1-0,39.473049,-10.535861,3
RA1-0,39.470462,-10.535014,4
RA1-0,39.471188,-10.532184,5
RA1-0,39.471357,-10.528599,6
RA1-0,39.472268,-10.526181,7
RA1-0,39.472052,-10.524882,8
RA1-0,39.471841,-10.523587,9
RA1-0,39.471634,-10.522295,10
RA1-0,39.471429,-10.521005,11
RA1-0,39.471226,-10.519716,12
RA1-0,39.471024,-10.518428,13
RA1-0,39.470821,-10.517140,14
RA1-0,39.470617,-10.515851,15
RA1-0,39.470411,-10.514560,16
RA1-0,39.470201,-10.513266,17
RA1-0,39.469987,-10.511968,18
RA1-0,39.469768,-10.510666,19
RA1-0,39.469542,-10.509358,20
RA1-0,39.469310,-10.508044,21
RA1-0,39.469069,-10.506723,22
RA1-0,39.468819,-10.505394,23
RA1-0,39.468559,-10.504057,24
RA1-0,39.468311,-10.502814,25
RA1-0,39.468059,-10.501564,26
RA1-0,39.467802,-10.500308,27
RA1-0,39.467540,-10.499045,28
RA1-0,39.467273,-10.497777,29
RA1-0,39.467002,-10.496504,30
RA1-0,39.466726,-10.495226,31
RA1-0,39.466446,-10.493945,32
RA1-0,39.466160,-10.492660,33
RA1-0,39.465870,-10.491372,34
RA1-0,39.465575,-10.490082,35
RA1-0,39.465275,-10.488791,36
RA1-0,39.464970,-10.487498,37
RA1-0,39.464661,-10.486204,38
RA1-0,39.464346,-10.484911,39
RA1-0,39.464027,-10.483617,40
RA1-0,39.463703,-10.482325,41
RA1-0,39.463375,-10.481034,42
RA1-0,39.463041,-10.479746,43
RA1-0,39.462703,-10.478460,44
RA1-0,39.467027,-10.478460,45
RA1-0,39.462703,-10.478460,46
RA1-0,39.462365,-10.477187,47
RA1-0,39.462027,-10.475908,48
RA1-0,39.461686,-10.474623,49
RA1-0,39.461343,-10.473335,50
RA1-0,39.460997,-10.472043,51
RA1-0,39.460647,-10.470748,52
RA1-0,39.460293,-10.469453,53
RA1-0,39.459935,-10.468157,54
RA1-0,39.459571,-10.466861,55
RA1-0,39.459202,-10.465567,56
RA1-0,39.458826,-10.464275,57
RA1-0,39.458443,-10.462986,58
RA1-0,39.458053,-10.461702,59
RA1-0,39.457654,-10.460423,60
RA1-0,39.457247,-10.459151,61
RA1-0,39.456831,-10.457885,62
RA1-0,39.456406,-10.456628,63
RA1-0,39.455970,-10.455379,64
RA1-0,39.455523,-10.454141,65
RA1-0,39.455065,-10.452914,66
RA1-0,39.454595,-10.451699,67
RA1-0,39.454114,-10.450505,68
RA1-0,39.453618,-10.449323,69
RA1-0,39.453107,-10.448152,70
RA1-0,39.452583,-10.446990,71
RA1-0,39.452047,-10.445837,72
RA1-0,39.451500,-10.444692,73
RA1-0,39.450943,-10.443553,74
RA1-0,39.450378,-10.442421,75
RA1-0,39.449806,-10.441295,76
RA1-0,39.449227,-10.440172,77
RA1-0,39.448644,-10.439053,78
RA1-0,39.448057,-10.437937,79
RA1-0,39.447468,-10.436822,80
RA1-0,39.446878,-10.435708,81
RA1-0,39.446287,-10.434595,82
RA1-0,39.445698,-10.433480,83
RA1-0,39.445111,-10.432364,84
RA1-0,39.444528,-10.431245,85
RA1-0,39.443949,-10.430122,86
RA1-0,39.443377,-10.428995,87
RA1-0,39.442812,-10.427863,88
RA1-0,39.440451,-10.428019,89
RA1-0,39.437983,-10.428379,90
RA1-0,39.438043,-10.425684,91
RA1-0,39.440282,-10.425324,92
RA1-0,39.442363,-10.424710,93
RA1-0,39.442323,-10.421857,94
RA1-0,39.444454,-10.421388,95
RA1-0,39.446936,-10.420977,96
RA1-0,39.447061,-10.423832,97
RA1-0,39.451384,-10.427945,98
RA1-1,39.451384,-10.427945,1
RA1-1,39.447061,-10.423832,2
RA1-1,39.446936,-10.420977,3
RA1-1,39.444454,-10.421388,4
RA1-1,39.442323,-10.421857,5
RA1-1,39.442363,-10.424710,6
RA1-1,39.440282,-10.425324,7
RA1-1,39.438043,-10.425684,8
RA1-1,39.437983,-10.428379,9
RA1-1,39.440451,-10.428019,10
RA1-1,39.442812,-10.427863,11
RA1-1,39.443377,-10.428995,12
RA1-1,39.443949,-10.430122,13
RA1-1,39.444528,-10.431245,14
RA1-1,39.445111,-10.432364,15
RA1-1,39.445698,-10.433480,16
RA1-1,39.446287,-10.434595,17
RA1-1,39.446878,-10.435708,18
RA1-1,39.447468,-10.436822,19
RA1-1,39.448057,-10.437937,20
RA1-1,39.448644,-10.439053,21
RA1-1,39.449227,-10.440172,22
RA1-1,39.449806,-10.441295,23
RA1-1,39.450378,-10.442421,24
RA1-1,39.450943,-10.443553,25
RA1-1,39.451500,-10.444692,26
RA1-1,39.452047,-10.445837,27
RA1-1,39.452583,-10.446990,28
RA1-1,39.453107,-10.448152,29
RA1-1,39.453618,-10.449323,30
RA1-1,39.454114,-10.450505,31
RA1-1,39.454595,-10.451699,32
RA1-1,39.455065,-10.452914,33
RA1-1,39.455523,-10.454141,34
RA1-1,39.455970,-10.455379,35
RA1-1,39.456406,-10.456628,36
RA1-1,39.456831,-10.457885,37
RA1-1,39.457247,-10.459151,38
RA1-1,39.457654,-10.460423,39
RA1-1,39.458053,-10.461702,40
RA1-1,39.458443,-10.462986,41
RA1-1,39.458826,-10.464275,42
RA1-1,39.459202,-10.465567,43
RA1-1,39.459571,-10.466861,44
RA1-1,39.459935,-10.468157,45
RA1-1,39.460293,-10.469453,46
RA1-1,39.460647,-10.470748,47
RA1-1,39.460997,-10.472043,48
RA1-1,39.461343,-10.473335,49
RA1-1,39.461686,-10.474623,50
RA1-1,39.462027,-10.475908,51
RA1-1,39.462365,-10.477187,52
RA1-1,39.462703,-10.478460,53
RA1-1,39.467027,-10.478460,54
RA1-1,39.462703,-10.478460,55
RA1-1,39.463041,-10.479746,56
RA1-1,39.463375,-10.481034,57
RA1-1,39.463703,-10.482325,58
RA1-1,39.464027,-10.483617,59
RA1-1,39.464346,-10.484911,60
RA1-1,39.464661,-10.486204,61
RA1-1,39.464970,-10.487498,62
RA1-1,39.465275,-10.488791,63
RA1-1,39.465575,-10.490082,64
RA1-1,39.465870,-10.491372,65
RA1-1,39.466160,-10.492660,66
RA1-1,39.466446,-10.493945,67
RA1-1,39.466726,-10.495226,68
RA1-1,39.467002,-10.496504,69
RA1-1,39.467273,-10.497777,70
RA1-1,39.467540,-10.499045,71
RA1-1,39.467802,-10.500308,72
RA1-1,39.468059,-10.501564,73
RA1-1,39.468311,-10.502814,74
RA1-1,39.468559,-10.504057,75
RA1-1,39.468819,-10.505394,76
RA1-1,39.469069,-10.506723,77
RA1-1,39.469310,-10.508044,78
RA1-1,39.469542,-10.509358,79
RA1-1,39.469768,-10.510666,80
RA1-1,39.469987,-10.511968,81
RA1-1,39.470201,-10.513266,82
RA1-1,39.470411,-10.514560,83
RA1-1,39.470617,-10.515851,84
RA1-1,39.470821,-10.517140,85
RA1-1,39.471024,-10.518428,86
RA1-1,39.471226,-10.519716,87
RA1-1,39.471429,-10.521005,88
RA1-1,39.471634,-10.522295,89
RA1-1,39.471841,-10.523587,90
RA1-1,39.472052,-10.524882,91
RA1-1,39.472268,-10.526181,92
RA1-1,39.471357,-10.528599,93
RA1-1,39.471188,-10.532184,94
RA1-1,39.470462,-10.535014,95
RA1-1,39.473049,-10.535861,96
RA1-1,39.472533,-10.539339,97
RA1-1,39.470201,-10.538590,98
RA2-0,39.480541,-10.530776,1
RA2-0,39.476310,-10.530495,2
RA2-0,39.474218,-10.530007,3
RA2-0,39.473752,-10.532640,4
RA2-0,39.471188,-10.532184,5
RA2-0,39.470462,-10.535014,6
RA2-0,39.470201,-10.538590,7
RA2-0,39.469281,-10.541954,8
RA2-0,39.469174,-10.545077,9
RA2-0,39.466778,-10.544018,10
RA2-0,39.466803,-10.541099,11
RA2-0,39.464285,-10.540321,12
RA2-0,39.462349,-10.539474,13
RA2-0,39.462466,-10.536364,14
RA2-0,39.461580,-10.537114,15
RA2-0,39.460698,-10.537867,16
RA2-0,39.459820,-10.538622,17
RA2-0,39.458944,-10.539378,18
RA2-0,39.458070,-10.540135,19
RA2-0,39.457197,-10.540893,20
RA2-0,39.456324,-10.541651,21
RA2-0,39.455451,-10.542409,22
RA2-0,39.454576,-10.543166,23
RA2-0,39.453699,-10.543921,24
RA2-0,39.452820,-10.544675,25
RA2-0,39.451937,-10.545428,26
RA2-0,39.451049,-10.546177,27
RA2-0,39.450156,-10.546924,28
RA2-0,39.449257,-10.547667,29
RA2-0,39.448351,-10.548406,30
RA2-0,39.447438,-10.549142,31
RA2-0,39.446516,-10.549872,32
RA2-0,39.445586,-10.550597,33
RA2-0,39.444686,-10.551286,34
RA2-0,39.443780,-10.551969,35
RA2-0,39.442867,-10.552647,36
RA2-0,39.441949,-10.553320,37
RA2-0,39.441025,-10.553989,38
RA2-0,39.440095,-10.554654,39
RA2-0,39.439161,-10.555316,40
RA2-0,39.438221,-10.555975,41
RA2-0,39.437278,-10.556633,42
RA2-0,39.436331,-10.557289,43
RA2-0,39.435381,-10.557944,44
RA2-0,39.434427,-10.558599,45
RA2-0,39.433471,-10.559253,46
RA2-0,39.432512,-10.559909,47
RA2-0,39.431551,-10.560565,48
RA2-0,39.430589,-10.561224,49
RA2-0,39.429625,-10.561884,50
RA2-0,39.428661,-10.562547,51
RA2-0,39.427696,-10.563214,52
RA2-0,39.426731,-10.563885,53
RA2-0,39.425766,-10.564559,54
RA2-0,39.424844,-10.565204,55
RA2-0,39.423918,-10.565848,56
RA2-0,39.422987,-10.566490,57
RA2-0,39.422053,-10.567133,58
RA2-0,39.421115,-10.567775,59
RA2-0,39.420174,-10.568417,60
RA2-0,39.419231,-10.569060,61
RA2-0,39.418285,-10.569703,62
RA2-0,39.417338,-10.570348,63
RA2-0,39.416390,-10.570994,64
RA2-0,39.415441,-10.571643,65
RA2-0,39.414492,-10.572293,66
RA2-0,39.413542,-10.572946,67
RA2-0,39.412593,-10.573602,68
RA2-0,39.411645,-10.574260,69
RA2-0,39.410698,-10.574923,70
RA2-0,39.409753,-10.575589,71
RA2-0,39.408811,-10.576259,72
RA2-0,39.407870,-10.576934,73
RA2-0,39.406933,-10.577614,74
RA2-0,39.405999,-10.578299,75
RA2-0,39.405070,-10.578989,76
RA2-0,39.404144,-10.579685,77
RA2-0,39.403219,-10.580390,78
RA2-0,39.402297,-10.581102,79
RA2-0,39.401378,-10.581820,80
RA2-0,39.400461,-10.582544,81
RA2-0,39.399546,-10.583273,82
RA2-0,39.398633,-10.584007,83
RA2-0,39.397722,-10.584746,84
RA2-0,39.396813,-10.585488,85
RA2-0,39.395905,-10.586234,86
RA2-0,39.394998,-10.586984,87
RA2-0,39.394092,-10.587735,88
RA2-0,39.393187,-10.588489,89
RA2-0,39.392283,-10.589244,90
RA2-0,39.391379,-10.590000,91
RA2-0,39.390475,-10.590757,92
RA2-0,39.389572,-10.591514,93
RA2-0,39.388668,-10.592271,94
RA2-0,39.387764,-10.593027,95
RA2-0,39.386859,-10.593782,96
RA2-0,39.385954,-10.594535,97
RA2-0,39.385048,-10.595286,98
RA2-0,39.384141,-10.596034,99
RA2-0,39.383232,-10.596779,100
RA2-0,39.381186,-10.595877,101
RA2-0,39.379051,-10.595164,102
RA2-0,39.381186,-10.595877,103
RA2-0,39.381862,-10.593067,104
RA2-1,39.381862,-10.593067,1
RA2-1,39.381186,-10.595877,2
RA2-1,39.379051,-10.595164,3
RA2-1,39.381186,-10.595877,4
RA2-1,39.383232,-10.596779,5
RA2-1,39.384141,-10.596034,6
RA2-1,39.385048,-10.595286,7
RA2-1,39.385954,-10.594535,8
RA2-1,39.386859,-10.593782,9
RA2-1,39.387764,-10.593027,10
RA2-1,39.388668,-10.592271,11
RA2-1,39.389572,-10.591514,12
RA2-1,39.390475,-10.590757,13
RA2-1,39.391379,-10.590000,14
RA2-1,39.392283,-10.589244,15
RA2-1,39.393187,-10.588489,16
RA2-1,39.394092,-10.587735,17
RA2-1,39.394998,-10.586984,18
RA2-1,39.395905,-10.586234,19
RA2-1,39.396813,-10.585488,20
RA2-1,39.397722,-10.584746,21
RA2-1,39.398633,-10.584007,22
RA2-1,39.399546,-10.583273,23
RA2-1,39.400461,-10.582544,24
RA2-1,39.401378,-10.581820,25
RA2-1,39.402297,-10.581102,26
RA2-1,39.403219,-10.580390,27
RA2-1,39.404144,-10.579685,28
RA2-1,39.405070,-10.578989,29
RA2-1,39.405999,-10.578299,30
RA2-1,39.406933,-10.577614,31
RA2-1,39.407870,-10.576934,32
RA2-1,39.408811,-10.576259,33
RA2-1,39.409753,-10.575589,34
RA2-1,39.410698,-10.574923,35
RA2-1,39.411645,-10.574260,36
RA2-1,39.412593,-10.573602,37
RA2-1,39.413542,-10.572946,38
RA2-1,39.414492,-10.572293,39
RA2-1,39.415441,-10.571643,40
RA2-1,39.416390,-10.570994,41
RA2-1,39.417338,-10.570348,42
RA2-1,39.418285,-10.569703,43
RA2-1,39.419231,-10.569060,44
RA2-1,39.420174,-10.568417,45
RA2-1,39.421115,-10.567775,46
RA2-1,39.422053,-10.567133,47
RA2-1,39.422987,-10.566490,48
RA2-1,39.423918,-10.565848,49
RA2-1,39.424844,-10.565204,50
RA2-1,39.425766,-10.564559,51
RA2-1,39.426731,-10.563885,52
RA2-1,39.427696,-10.563214,53
RA2-1,39.428661,-10.562547,54
RA2-1,39.429625,-10.561884,55
RA2-1,39.430589,-10.561224,56
RA2-1,39.431551,-10.560565,57
RA2-1,39.432512,-10.559909,58
RA2-1,39.433471,-10.559253,59
RA2-1,39.434427,-10.558599,60
RA2-1,39.435381,-10.557944,61
RA2-1,39.436331,-10.557289,62
RA2-1,39.437278,-10.556633,63
RA2-1,39.438221,-10.555975,64
RA2-1,39.439161,-10.555316,65
RA2-1,39.440095,-10.554654,66
RA2-1,39.441025,-10.553989,67
RA2-1,39.441949,-10.553320,68
RA2-1,39.442867,-10.552647,69
RA2-1,39.443780,-10.551969,70
RA2-1,39.444686,-10.551286,71
RA2-1,39.445586,-10.550597,72
RA2-1,39.446516,-10.549872,73
RA2-1,39.447438,-10.549142,74
RA2-1,39.448351,-10.548406,75
RA2-1,39.449257,-10.547667,76
RA2-1,39.450156,-10.546924,77
RA2-1,39.451049,-10.546177,78
RA2-1,39.451937,-10.545428,79
RA2-1,39.452820,-10.544675,80
RA2-1,39.453699,-10.543921,81
RA2-1,39.454576,-10.543166,82
RA2-1,39.455451,-10.542409,83
RA2-1,39.456324,-10.541651,84
RA2-1,39.457197,-10.540893,85
RA2-1,39.458070,-10.540135,86
RA2-1,39.458944,-10.539378,87
RA2-1,39.459820,-10.538622,88
RA2-1,39.460698,-10.537867,89
RA2-1,39.461580,-10.537114,90
RA2-1,39.462466,-10.536364,91
RA2-1,39.462349,-10.539474,92
RA2-1,39.464285,-10.540321,93
RA2-1,39.466803,-10.541099,94
RA2-1,39.466778,-10.544018,95
RA2-1,39.469174,-10.545077,96
RA2-1,39.469281,-10.541954,97
RA2-1,39.470201,-10.538590,98
RA2-1,39.470462,-10.535014,99
RA2-1,39.471188,-10.532184,100
RA2-1,39.473752,-10.532640,101
RA2-1,39.474218,-10.530007,102
RA2-1,39.476310,-10.530495,103
RA2-1,39.480541,-10.530776,104
RA3-0,39.379051,-10.595164,1
RA3-0,39.378145,-10.597951,2
RA3-0,39.376109,-10.596813,3
RA3-0,39.376732,-10.594036,4
RA3-0,39.377429,-10.591116,5
RA3-0,39.378573,-10.588052,6
RA3-0,39.378067,-10.586846,7
RA3-0,39.377554,-10.585653,8
RA3-0,39.377035,-10.584472,9
RA3-0,39.376510,-10.583301,10
RA3-0,39.375981,-10.582138,11
RA3-0,39.375449,-10.580982,12
RA3-0,39.374913,-10.579831,13
RA3-0,39.374376,-10.578684,14
RA3-0,39.373838,-10.577539,15
RA3-0,39.373299,-10.576394,16
RA3-0,39.372761,-10.575249,17
RA3-0,39.372225,-10.574101,18
RA3-0,39.371690,-10.572948,19
RA3-0,39.371159,-10.571790,20
RA3-0,39.370631,-10.570624,21
RA3-0,39.370109,-10.569450,22
RA3-0,39.369591,-10.568265,23
RA3-0,39.369081,-10.567068,24
RA3-0,39.368577,-10.565858,25
RA3-0,39.368081,-10.564632,26
RA3-0,39.367594,-10.563389,27
RA3-0,39.367117,-10.562128,28
RA3-0,39.366651,-10.560847,29
RA3-0,39.366195,-10.559545,30
RA3-0,39.365752,-10.558219,31
RA3-0,39.365322,-10.556869,32
RA3-0,39.364906,-10.555492,33
RA3-0,39.364505,-10.554088,34
RA3-0,39.364191,-10.552933,35
RA3-0,39.363887,-10.551760,36
RA3-0,39.363593,-10.550571,37
RA3-0,39.363307,-10.549366,38
RA3-0,39.363030,-10.548146,39
RA3-0,39.362761,-10.546911,40
RA3-0,39.362500,-10.545662,41
RA3-0,39.362246,-10.544399,42
RA3-0,39.362000,-10.543123,43
RA3-0,39.361760,-10.541834,44
RA3-0,39.361527,-10.540533,45
RA3-0,39.361300,-10.539221,46
RA3-0,39.361080,-10.537897,47
RA3-0,39.360864,-10.536564,48
RA3-0,39.360654,-10.535220,49
RA3-0,39.360449,-10.533868,50
RA3-0,39.360248,-10.532507,51
RA3-0,39.360051,-10.531137,52
RA3-0,39.359858,-10.529760,53
RA3-0,39.359669,-10.528377,54
RA3-0,39.359482,-10.526986,55
RA3-0,39.359299,-10.525590,56
RA3-0,39.359118,-10.524189,57
RA3-0,39.358939,-10.522783,58
RA3-0,39.358762,-10.521372,59
RA3-0,39.358586,-10.519958,60
RA3-0,39.358412,-10.518541,61
RA3-0,39.358238,-10.517122,62
RA3-0,39.358065,-10.515700,63
RA3-0,39.357892,-10.514278,64
RA3-0,39.357718,-10.512854,65
RA3-0,39.357544,-10.511430,66
RA3-0,39.357369,-10.510007,67
RA3-0,39.357193,-10.508584,68
RA3-0,39.357015,-10.507163,69
RA3-0,39.356836,-10.505743,70
RA3-0,39.356654,-10.504327,71
RA3-0,39.356469,-10.502913,72
RA3-0,39.356282,-10.501503,73
RA3-0,39.356091,-10.500098,74
RA3-0,39.355897,-10.498697,75
RA3-0,39.355698,-10.497302,76
RA3-0,39.355495,-10.495912,77
RA3-0,39.355296,-10.494583,78
RA3-0,39.355091,-10.493251,79
RA3-0,39.354881,-10.491916,80
RA3-0,39.354666,-10.490579,81
RA3-0,39.354446,-10.489239,82
RA3-0,39.354222,-10.487897,83
RA3-0,39.353995,-10.486553,84
RA3-0,39.353764,-10.485207,85
RA3-0,39.353530,-10.483858,86
RA3-0,39.353294,-10.482508,87
RA3-0,39.353056,-10.481156,88
RA3-0,39.352816,-10.479802,89
RA3-0,39.352575,-10.478446,90
RA3-0,39.352333,-10.477088,91
RA3-0,39.352090,-10.475729,92
RA3-0,39.351848,-10.474369,93
RA3-0,39.351605,-10.473007,94
RA3-0,39.351364,-10.471643,95
RA3-0,39.351123,-10.470279,96
RA3-0,39.350884,-10.468913,97
RA3-0,39.350647,-10.467546,98
RA3-0,39.350413,-10.466179,99
RA3-0,39.350181,-10.464810,100
RA3-0,39.349952,-10.463441,101
RA3-0,39.349727,-10.462071,102
RA3-0,39.349506,-10.460700,103
RA3-0,39.349289,-10.459329,104
RA3-0,39.349077,-10.457957,105
RA3-0,39.348870,-10.456585,106
RA3-0,39.348669,-10.455212,107
RA3-0,39.348473,-10.453840,108
RA3-0,39.348284,-10.452467,109
RA3-0,39.348102,-10.451094,110
RA3-0,39.347927,-10.449722,111
RA3-0,39.347759,-10.448349,112
RA3-0,39.347600,-10.446977,113
RA3-0,39.347449,-10.445605,114
RA3-0,39.347306,-10.444233,115
RA3-0,39.347173,-10.442862,116
RA3-0,39.347050,-10.441491,117
RA3-0,39.346936,-10.440121,118
RA3-0,39.346833,-10.438752,119
RA3-0,39.346740,-10.437383,120
RA3-0,39.346659,-10.436016,121
RA3-0,39.346589,-10.434649,122
RA3-0,39.346532,-10.433283,123
RA3-0,39.346486,-10.431919,124
RA3-0,39.346454,-10.430536,125
RA3-0,39.346434,-10.429152,126
RA3-0,39.346426,-10.427768,127
RA3-0,39.346431,-10.426385,128
RA3-0,39.346447,-10.425001,129
RA3-0,39.346475,-10.423616,130
RA3-0,39.346513,-10.422232,131
RA3-0,39.346562,-10.420848,132
RA3-0,39.346620,-10.419463,133
RA3-0,39.346688,-10.418078,134
RA3-0,39.346765,-10.416693,135
RA3-0,39.346851,-10.415308,136
RA3-0,39.346944,-10.413923,137
RA3-0,39.347046,-10.412538,138
RA3-0,39.347154,-10.411152,139
RA3-0,39.347270,-10.409767,140
RA3-0,39.347392,-10.408381,141
RA3-0,39.347519,-10.406996,142
RA3-0,39.347653,-10.405610,143
RA3-0,39.347791,-10.404224,144
RA3-0,39.347934,-10.402838,145
RA3-0,39.348082,-10.401452,146
RA3-0,39.348233,-10.400066,147
RA3-0,39.348387,-10.398680,148
RA3-0,39.348544,-10.397294,149
RA3-0,39.348704,-10.395908,150
RA3-0,39.348866,-10.394522,151
RA3-0,39.349030,-10.393136,152
RA3-0,39.349194,-10.391749,153
RA3-0,39.349360,-10.390363,154
RA3-0,39.349525,-10.388977,155
RA3-0,39.349691,-10.387591,156
RA3-0,39.349856,-10.386205,157
RA3-0,39.350019,-10.384818,158
RA3-0,39.350182,-10.383432,159
RA3-0,39.350342,-10.382046,160
RA3-0,39.350501,-10.380660,161
RA3-0,39.350656,-10.379274,162
RA3-0,39.350808,-10.377888,163
RA3-0,39.350957,-10.376502,164
RA3-0,39.351102,-10.375116,165
RA3-0,39.351242,-10.373730,166
RA3-0,39.351377,-10.372344,167
RA3-0,39.351506,-10.370959,168
RA3-0,39.351630,-10.369573,169
RA3-0,39.351748,-10.368188,170
RA3-0,39.351238,-10.365549,171
RA3-0,39.350969,-10.362768,172
RA3-0,39.351238,-10.365549,173
RA3-0,39.353700,-10.364867,174
RA3-0,39.354183,-10.367317,175
RA3-0,39.356269,-10.366682,176
RA3-0,39.360283,-10.367760,177
RA3-1,39.360283,-10.367760,1
RA3-1,39.356269,-10.366682,2
RA3-1,39.354183,-10.367317,3
RA3-1,39.353700,-10.364867,4
RA3-1,39.351238,-10.365549,5
RA3-1,39.350969,-10.362768,6
RA3-1,39.351238,-10.365549,7
RA3-1,39.351748,-10.368188,8
RA3-1,39.351630,-10.369573,9
RA3-1,39.351506,-10.370959,10
RA3-1,39.351377,-10.372344,11
RA3-1,39.351242,-10.373730,12
RA3-1,39.351102,-10.375116,13
RA3-1,39.350957,-10.376502,14
RA3-1,39.350808,-10.377888,15
RA3-1,39.350656,-10.379274,16
RA3-1,39.350501,-10.380660,17
RA3-1,39.350342,-10.382046,18
RA3-1,39.350182,-10.383432,19
RA3-1,39.350019,-10.384818,20
RA3-1,39.349856,-10.386205,21
RA3-1,39.349691,-10.387591,22
RA3-1,39.349525,-10.388977,23
RA3-1,39.349360,-10.390363,24
RA3-1,39.349194,-10.391749,25
RA3-1,39.349030,-10.393136,26
RA3-1,39.348866,-10.394522,27
RA3-1,39.348704,-10.395908,28
RA3-1,39.348544,-10.397294,29
RA3-1,39.348387,-10.398680,30
RA3-1,39.348233,-10.400066,31
RA3-1,39.348082,-10.401452,32
RA3-1,39.347934,-10.402838,33
RA3-1,39.347791,-10.404224,34
RA3-1,39.347653,-10.405610,35
RA3-1,39.347519,-10.406996,36
RA3-1,39.347392,-10.408381,37
RA3-1,39.347270,-10.409767,38
RA3-1,39.347154,-10.411152,39
RA3-1,39.347046,-10.412538,40
RA3-1,39.346944,-10.413923,41
RA3-1,39.346851,-10.415308,42
RA3-1,39.346765,-10.416693,43
RA3-1,39.346688,-10.418078,44
RA3-1,39.346620,-10.419463,45
RA3-1,39.346562,-10.420848,46
RA3-1,39.346513,-10.422232,47
RA3-1,39.346475,-10.423616,48
RA3-1,39.346447,-10.425001,49
RA3-1,39.346431,-10.426385,50
RA3-1,39.346426,-10.427768,51
RA3-1,39.346434,-10.429152,52
RA3-1,39.346454,-10.430536,53
RA3-1,39.346486,-10.431919,54
RA3-1,39.346532,-10.433283,55
RA3-1,39.346589,-10.434649,56
RA3-1,39.346659,-10.436016,57
RA3-1,39.346740,-10.437383,58
RA3-1,39.346833,-10.438752,59
RA3-1,39.346936,-10.440121,60
RA3-1,39.347050,-10.441491,61
RA3-1,39.347173,-10.442862,62
RA3-1,39.347306,-10.444233,63
RA3-1,39.347449,-10.445605,64
RA3-1,39.347600,-10.446977,65
RA3-1,39.347759,-10.448349,66
RA3-1,39.347927,-10.449722,67
RA3-1,39.348102,-10.451094,68
RA3-1,39.348284,-10.452467,69
RA3-1,39.348473,-10.453840,70
RA3-1,39.348669,-10.455212,71
RA3-1,39.348870,-10.456585,72
RA3-1,39.349077,-10.457957,73
RA3-1,39.349289,-10.459329,74
RA3-1,39.349506,-10.460700,75
RA3-1,39.349727,-10.462071,76
RA3-1,39.349952,-10.463441,77
RA3-1,39.350181,-10.464810,78
RA3-1,39.350413,-10.466179,79
RA3-1,39.350647,-10.467546,80
RA3-1,39.350884,-10.468913,81
RA3-1,39.351123,-10.470279,82
RA3-1,39.351364,-10.471643,83
RA3-1,39.351605,-10.473007,84
RA3-1,39.351848,-10.474369,85
RA3-1,39.352090,-10.475729,86
RA3-1,39.352333,-10.477088,87
RA3-1,39.352575,-10.478446,88
RA3-1,39.352816,-10.479802,89
RA3-1,39.353056,-10.481156,90
RA3-1,39.353294,-10.482508,91
RA3-1,39.353530,-10.483858,92
RA3-1,39.353764,-10.485207,93
RA3-1,39.353995,-10.486553,94
RA3-1,39.354222,-10.487897,95
RA3-1,39.354446,-10.489239,96
RA3-1,39.354666,-10.490579,97
RA3-1,39.354881,-10.491916,98
RA3-1,39.355091,-10.493251,99
RA3-1,39.355296,-10.494583,100
RA3-1,39.355495,-10.495912,101
RA3-1,39.355698,-10.497302,102
RA3-1,39.355897,-10.498697,103
RA3-1,39.356091,-10.500098,104
RA3-1,39.356282,-10.501503,105
RA3-1,39.356469,-10.502913,106
RA3-1,39.356654,-10.504327,107
RA3-1,39.356836,-10.505743,108
RA3-1,39.357015,-10.507163,109
RA3-1,39.357193,-10.508584,110
RA3-1,39.357369,-10.510007,111
RA3-1,39.357544,-10.511430,112
RA3-1,39.357718,-10.512854,113
RA3-1,39.357892,-10.514278,114
RA3-1,39.358065,-10.515700,115
RA3-1,39.358238,-10.517122,116
RA3-1,39.358412,-10.518541,117
RA3-1,39.358586,-10.519958,118
RA3-1,39.358762,-10.521372,119
RA3-1,39.358939,-10.522783,120
RA3-1,39.359118,-10.524189,121
RA3-1,39.359299,-10.525590,122
RA3-1,39.359482,-10.526986,123
RA3-1,39.359669,-10.528377,124
RA3-1,39.359858,-10.529760,125
RA3-1,39.360051,-10.531137,126
RA3-1,39.360248,-10.532507,127
RA3-1,39.360449,-10.533868,128
RA3-1,39.360654,-10.535220,129
RA3-1,39.360864,-10.536564,130
RA3-1,39.361080,-10.537897,131
RA3-1,39.361300,-10.539221,132
RA3-1,39.361527,-10.540533,133
RA3-1,39.361760,-10.541834,134
RA3-1,39.362000,-10.543123,135
RA3-1,39.362246,-10.544399,136
RA3-1,39.362500,-10.545662,137
RA3-1,39.362761,-10.546911,138
RA3-1,39.363030,-10.548146,139
RA3-1,39.363307,-10.549366,140
RA3-1,39.363593,-10.550571,141
RA3-1,39.363887,-10.551760,142
RA3-1,39.364191,-10.552933,143
RA3-1,39.364505,-10.554088,144
RA3-1,39.364906,-10.555492,145
RA3-1,39.365322,-10.556869,146
RA3-1,39.365752,-10.558219,147
RA3-1,39.366195,-10.559545,148
RA3-1,39.366651,-10.560847,149
RA3-1,39.367117,-10.562128,150
RA3-1,39.367594,-10.563389,151
RA3-1,39.368081,-10.564632,152
RA3-1,39.368577,-10.565858,153
RA3-1,39.369081,-10.567068,154
RA3-1,39.369591,-10.568265,155
RA3-1,39.370109,-10.569450,156
RA3-1,39.370631,-10.570624,157
RA3-1,39.371159,-10.571790,158
RA3-1,39.371690,-10.572948,159
RA3-1,39.372225,-10.574101,160
RA3-1,39.372761,-10.575249,161
RA3-1,39.373299,-10.576394,162
RA3-1,39.373838,-10.577539,163
RA3-1,39.374376,-10.578684,164
RA3-1,39.374913,-10.579831,165
RA3-1,39.375449,-10.580982,166
RA3-1,39.375981,-10.582138,167
RA3-1,39.376510,-10.583301,168
RA3-1,39.377035,-10.584472,169
RA3-1,39.377554,-10.585653,170
RA3-1,39.378067,-10.586846,171
RA3-1,39.378573,-10.588052,172
RA3-1,39.377429,-10.591116,173
RA3-1,39.376732,-10.594036,174
RA3-1,39.376109,-10.596813,175
RA3-1,39.378145,-10.597951,176
RA3-1,39.379051,-10.595164,177
RA4-0,39.470201,-10.538590,1
RA4-0,39.469281,-10.541954,2
RA4-0,39.469174,-10.545077,3
RA4-0,39.466778,-10.544018,4
RA4-0,39.469174,-10.545077,5
RA4-0,39.471194,-10.545389,6
RA4-0,39.473679,-10.546538,7
RA4-0,39.473191,-10.549298,8
RA4-0,39.474150,-10.549816,9
RA4-0,39.475104,-10.550313,10
RA4-0,39.476054,-10.550792,11
RA4-0,39.477000,-10.551257,12
RA4-0,39.477944,-10.551712,13
RA4-0,39.478886,-10.552161,14
RA4-0,39.479828,-10.552607,15
RA4-0,39.480770,-10.553054,16
RA4-0,39.481714,-10.553507,17
RA4-0,39.482659,-10.553968,18
RA4-0,39.483608,-10.554442,19
RA4-0,39.484560,-10.554933,20
RA4-0,39.485517,-10.555443,21
RA4-0,39.486481,-10.555978,22
RA4-0,39.487450,-10.556541,23
RA4-0,39.488428,-10.557135,24
RA4-0,39.489414,-10.557765,25
RA4-0,39.490409,-10.558434,26
RA4-0,39.491415,-10.559146,27
RA4-0,39.492432,-10.559905,28
RA4-0,39.493201,-10.560507,29
RA4-0,39.493977,-10.561141,30
RA4-0,39.494761,-10.561804,31
RA4-0,39.495551,-10.562496,32
RA4-0,39.496349,-10.563214,33
RA4-0,39.497152,-10.563958,34
RA4-0,39.497961,-10.564725,35
RA4-0,39.498776,-10.565515,36
RA4-0,39.499595,-10.566324,37
RA4-0,39.500419,-10.567153,38
RA4-0,39.501248,-10.567999,39
RA4-0,39.502080,-10.568861,40
RA4-0,39.502915,-10.569737,41
RA4-0,39.503754,-10.570625,42
RA4-0,39.504595,-10.571524,43
RA4-0,39.505438,-10.572433,44
RA4-0,39.506283,-10.573350,45
RA4-0,39.507130,-10.574273,46
RA4-0,39.507978,-10.575200,47
RA4-0,39.508826,-10.576131,48
RA4-0,39.509675,-10.577063,49
RA4-0,39.510523,-10.577995,50
RA4-0,39.511371,-10.578926,51
RA4-0,39.512218,-10.579853,52
RA4-0,39.513063,-10.580776,53
RA4-0,39.513907,-10.581692,54
RA4-0,39.514749,-10.582600,55
RA4-0,39.515588,-10.583499,56
RA4-0,39.516424,-10.584387,57
RA4-0,39.517257,-10.585262,58
RA4-0,39.518086,-10.586122,59
RA4-0,39.518911,-10.586967,60
RA4-0,39.519732,-10.587795,61
RA4-0,39.520547,-10.588603,62
RA4-0,39.521358,-10.589391,63
RA4-0,39.522162,-10.590157,64
RA4-0,39.523082,-10.591017,65
RA4-0,39.523998,-10.591866,66
RA4-0,39.524911,-10.592703,67
RA4-0,39.525821,-10.593530,68
RA4-0,39.526729,-10.594347,69
RA4-0,39.527634,-10.595154,70
RA4-0,39.528536,-10.595953,71
RA4-0,39.529436,-10.596744,72
RA4-0,39.530334,-10.597528,73
RA4-0,39.531231,-10.598305,74
RA4-0,39.532125,-10.599077,75
RA4-0,39.533018,-10.599843,76
RA4-0,39.533910,-10.600605,77
RA4-0,39.534801,-10.601363,78
RA4-0,39.535691,-10.602117,79
RA4-0,39.536580,-10.602869,80
RA4-0,39.537469,-10.603620,81
RA4-0,39.538358,-10.604369,82
RA4-0,39.539246,-10.605118,83
RA4-0,39.540134,-10.605867,84
RA4-0,39.541023,-10.606617,85
RA4-0,39.541912,-10.607368,86
RA4-0,39.542802,-10.608122,87
RA4-0,39.543692,-10.608879,88
RA4-0,39.544584,-10.609639,89
RA4-0,39.545476,-10.610404,90
RA4-0,39.546371,-10.611173,91
RA4-0,39.547266,-10.611949,92
RA4-0,39.549396,-10.612504,93
RA4-0,39.549075,-10.614772,94
RA4-0,39.551554,-10.615563,95
RA4-0,39.551438,-10.618542,96
RA4-0,39.548867,-10.618280,97
RA4-0,39.548535,-10.620662,98
RA4-0,39.550816,-10.621277,99
RA4-0,39.553105,-10.621676,100
RA4-0,39.556330,-10.624595,101
RA4-0,39.553105,-10.621676,102
RA4-0,39.553439,-10.618441,103
RA4-0,39.553665,-10.615791,104
RA4-0,39.554515,-10.614981,105
RA4-0,39.555366,-10.614196,106
RA4-0,39.556218,-10.613429,107
RA4-0,39.557070,-10.612676,108
RA4-0,39.557923,-10.611932,109
RA4-0,39.558775,-10.611191,110
RA4-0,39.559628,-10.610449,111
RA4-0,39.560480,-10.609699,112
RA4-0,39.561332,-10.608938,113
RA4-0,39.562183,-10.608159,114
RA4-0,39.563034,-10.607358,115
RA4-0,39.563883,-10.606530,116
RA4-0,39.564731,-10.605668,117
RA4-0,39.565578,-10.604769,118
RA4-0,39.566423,-10.603827,119
RA4-0,39.567267,-10.602836,120
RA4-0,39.568108,-10.601792,121
RA4-0,39.568760,-10.600941,122
RA4-0,39.569411,-10.600058,123
RA4-0,39.570061,-10.599142,124
RA4-0,39.570709,-10.598197,125
RA4-0,39.571357,-10.597224,126
RA4-0,39.572003,-10.596226,127
RA4-0,39.572649,-10.595203,128
RA4-0,39.573294,-10.594158,129
RA4-0,39.573938,-10.593093,130
RA4-0,39.574581,-10.592010,131
RA4-0,39.575224,-10.590911,132
RA4-0,39.575866,-10.589796,133
RA4-0,39.576508,-10.588670,134
RA4-0,39.577149,-10.587532,135
RA4-0,39.577790,-10.586386,136
RA4-0,39.578431,-10.585232,137
RA4-0,39.579072,-10.584074,138
RA4-0,39.579712,-10.582913,139
RA4-0,39.580353,-10.581750,140
RA4-0,39.580993,-10.580588,141
RA4-0,39.581634,-10.579428,142
RA4-0,39.582274,-10.578273,143
RA4-0,39.582915,-10.577124,144
RA4-0,39.583557,-10.575983,145
RA4-0,39.584198,-10.574853,146
RA4-0,39.584840,-10.573734,147
RA4-0,39.585483,-10.572629,148
RA4-0,39.586126,-10.571540,149
RA4-1,39.586126,-10.571540,1
RA4-1,39.585483,-10.572629,2
RA4-1,39.584840,-10.573734,3
RA4-1,39.584198,-10.574853,4
RA4-1,39.583557,-10.575983,5
RA4-1,39.582915,-10.577124,6
RA4-1,39.582274,-10.578273,7
RA4-1,39.581634,-10.579428,8
RA4-1,39.580993,-10.580588,9
RA4-1,39.580353,-10.581750,10
RA4-1,39.579712,-10.582913,11
RA4-1,39.579072,-10.584074,12
RA4-1,39.578431,-10.585232,13
RA4-1,39.577790,-10.586386,14
RA4-1,39.577149,-10.587532,15
RA4-1,39.576508,-10.588670,16
RA4-1,39.575866,-10.589796,17
RA4-1,39.575224,-10.590911,18
RA4-1,39.574581,-10.592010,19
RA4-1,39.573938,-10.593093,20
RA4-1,39.573294,-10.594158,21
RA4-1,39.572649,-10.595203,22
RA4-1,39.572003,-10.596226,23
RA4-1,39.571357,-10.597224,24
RA4-1,39.570709,-10.598197,25
RA4-1,39.570061,-10.599142,26
RA4-1,39.569411,-10.600058,27
RA4-1,39.568760,-10.600941,28
RA4-1,39.568108,-10.601792,29
RA4-1,39.567267,-10.602836,30
RA4-1,39.566423,-10.603827,31
RA4-1,39.565578,-10.604769,32
RA4-1,39.564731,-10.605668,33
RA4-1,39.563883,-10.606530,34
RA4-1,39.563034,-10.607358,35
RA4-1,39.562183,-10.608159,36
RA4-1,39.561332,-10.608938,37
RA4-1,39.560480,-10.609699,38
RA4-1,39.559628,-10.610449,39
RA4-1,39.558775,-10.611191,40
RA4-1,39.557923,-10.611932,41
RA4-1,39.557070,-10.612676,42
RA4-1,39.556218,-10.613429,43
RA4-1,39.555366,-10.614196,44
RA4-1,39.554515,-10.614981,45
RA4-1,39.553665,-10.615791,46
RA4-1,39.553439,-10.618441,47
RA4-1,39.553105,-10.621676,48
RA4-1,39.556330,-10.624595,49
RA4-1,39.553105,-10.621676,50
RA4-1,39.550816,-10.621277,51
RA4-1,39.548535,-10.620662,52
RA4-1,39.548867,-10.618280,53
RA4-1,39.551438,-10.618542,54
RA4-1,39.551554,-10.615563,55
RA4-1,39.549075,-10.614772,56
RA4-1,39.549396,-10.612504,57
RA4-1,39.547266,-10.611949,58
RA4-1,39.546371,-10.611173,59
RA4-1,39.545476,-10.610404,60
RA4-1,39.544584,-10.609639,61
RA4-1,39.543692,-10.608879,62
RA4-1,39.542802,-10.608122,63
RA4-1,39.541912,-10.607368,64
RA4-1,39.541023,-10.606617,65
RA4-1,39.540134,-10.605867,66
RA4-1,39.539246,-10.605118,67
RA4-1,39.538358,-10.604369,68
RA4-1,39.537469,-10.603620,69
RA4-1,39.536580,-10.602869,70
RA4-1,39.535691,-10.602117,71
RA4-1,39.534801,-10.601363,72
RA4-1,39.533910,-10.600605,73
RA4-1,39.533018,-10.599843,74
RA4-1,39.532125,-10.599077,75
RA4-1,39.531231,-10.598305,76
RA4-1,39.530334,-10.597528,77
RA4-1,39.529436,-10.596744,78
RA4-1,39.528536,-10.595953,79
RA4-1,39.527634,-10.595154,80
RA4-1,39.526729,-10.594347,81
RA4-1,39.525821,-10.593530,82
RA4-1,39.524911,-10.592703,83
RA4-1,39.523998,-10.591866,84
RA4-1,39.523082,-10.591017,85
RA4-1,39.522162,-10.590157,86
RA4-1,39.521358,-10.589391,87
RA4-1,39.520547,-10.588603,88
RA4-1,39.519732,-10.587795,89
RA4-1,39.518911,-10.586967,90
RA4-1,39.518086,-10.586122,91
RA4-1,39.517257,-10.585262,92
RA4-1,39.516424,-10.584387,93
RA4-1,39.515588,-10.583499,94
RA4-1,39.514749,-10.582600,95
RA4-1,39.513907,-10.581692,96
RA4-1,39.513063,-10.580776,97
RA4-1,39.512218,-10.579853,98
RA4-1,39.511371,-10.578926,99
RA4-1,39.510523,-10.577995,100
RA4-1,39.509675,-10.577063,101
RA4-1,39.508826,-10.576131,102
RA4-1,39.507978,-10.575200,103
RA4-1,39.507130,-10.574273,104
RA4-1,39.506283,-10.573350,105
RA4-1,39.505438,-10.572433,106
RA4-1,39.504595,-10.571524,107
RA4-1,39.503754,-10.570625,108
RA4-1,39.502915,-10.569737,109
RA4-1,39.502080,-10.568861,110
RA4-1,39.501248,-10.567999,111
RA4-1,39.500419,-10.567153,112
RA4-1,39.499595,-10.566324,113
RA4-1,39.498776,-10.565515,114
RA4-1,39.497961,-10.564725,115
RA4-1,39.497152,-10.563958,116
RA4-1,39.496349,-10.563214,117
RA4-1,39.495551,-10.562496,118
RA4-1,39.494761,-10.561804,119
RA4-1,39.493977,-10.561141,120
RA4-1,39.493201,-10.560507,121
RA4-1,39.492432,-10.559905,122
RA4-1,39.491415,-10.559146,123
RA4-1,39.490409,-10.558434,124
RA4-1,39.489414,-10.557765,125
RA4-1,39.488428,-10.557135,126
RA4-1,39.487450,-10.556541,127
RA4-1,39.486481,-10.555978,128
RA4-1,39.485517,-10.555443,129
RA4-1,39.484560,-10.554933,130
RA4-1,39.483608,-10.554442,131
RA4-1,39.482659,-10.553968,132
RA4-1,39.481714,-10.553507,133
RA4-1,39.480770,-10.553054,134
RA4-1,39.479828,-10.552607,135
RA4-1,39.478886,-10.552161,136
RA4-1,39.477944,-10.551712,137
RA4-1,39.477000,-10.551257,138
RA4-1,39.476054,-10.550792,139
RA4-1,39.475104,-10.550313,140
RA4-1,39.474150,-10.549816,141
RA4-1,39.473191,-10.549298,142
RA4-1,39.473679,-10.546538,143
RA4-1,39.471194,-10.545389,144
RA4-1,39.469174,-10.545077,145
RA4-1,39.466778,-10.544018,146
RA4-1,39.469174,-10.545077,147
RA4-1,39.469281,-10.541954,148
RA4-1,39.470201,-10.538590,149
RA5-0,39.451384,-10.427945,1
RA5-0,39.447061,-10.423832,2
RA5-0,39.446936,-10.420977,3
RA5-0,39.444454,-10.421388,4
RA5-0,39.442323,-10.421857,5
RA5-0,39.439887,-10.422503,6
RA5-0,39.437459,-10.422688,7
RA5-0,39.436927,-10.419408,8
RA5-0,39.435960,-10.418970,9
RA5-0,39.434994,-10.418542,10
RA5-0,39.434027,-10.418122,11
RA5-0,39.433061,-10.417709,12
RA5-0,39.432095,-10.417301,13
RA5-0,39.431128,-10.416894,14
RA5-0,39.430162,-10.416489,15
RA5-0,39.429195,-10.416082,16
RA5-0,39.428229,-10.415672,17
RA5-0,39.427263,-10.415257,18
RA5-0,39.426296,-10.414835,19
RA5-0,39.425329,-10.414404,20
RA5-0,39.424363,-10.413962,21
RA5-0,39.423396,-10.413507,22
RA5-0,39.422429,-10.413038,23
RA5-0,39.421461,-10.412552,24
RA5-0,39.420494,-10.412048,25
RA5-0,39.419526,-10.411523,26
RA5-0,39.418559,-10.410976,27
RA5-0,39.417618,-10.410421,28
RA5-0,39.416680,-10.409848,29
RA5-0,39.415745,-10.409256,30
RA5-0,39.414812,-10.408647,31
RA5-0,39.413880,-10.408023,32
RA5-0,39.412949,-10.407385,33
RA5-0,39.412018,-10.406734,34
RA5-0,39.411088,-10.406072,35
RA5-0,39.410157,-10.405399,36
RA5-0,39.409224,-10.404718,37
RA5-0,39.408290,-10.404029,38
RA5-0,39.407354,-10.403333,39
RA5-0,39.406415,-10.402633,40
RA5-0,39.405472,-10.401930,41
RA5-0,39.404526,-10.401224,42
RA5-0,39.403575,-10.400517,43
RA5-0,39.402620,-10.399810,44
RA5-0,39.401659,-10.399105,45
RA5-0,39.400692,-10.398403,46
RA5-0,39.399719,-10.397706,47
RA5-0,39.398739,-10.397014,48
RA5-0,39.401948,-10.391832,49
RA5-0,39.398739,-10.397014,50
RA5-0,39.397836,-10.396385,51
RA5-0,39.396923,-10.395757,52
RA5-0,39.396001,-10.395128,53
RA5-0,39.395071,-10.394498,54
RA5-0,39.394133,-10.393866,55
RA5-0,39.393189,-10.393234,56
RA5-0,39.392239,-10.392600,57
RA5-0,39.391285,-10.391965,58
RA5-0,39.390327,-10.391327,59
RA5-0,39.389367,-10.390688,60
RA5-0,39.388406,-10.390047,61
RA5-0,39.387443,-10.389403,62
RA5-0,39.386481,-10.388756,63
RA5-0,39.385521,-10.388107,64
RA5-0,39.384562,-10.387455,65
RA5-0,39.383607,-10.386799,66
RA5-0,39.382656,-10.386140,67
RA5-0,39.381711,-10.385478,68
RA5-0,39.380771,-10.384812,69
RA5-0,39.379838,-10.384142,70
RA5-0,39.378914,-10.383467,71
RA5-0,39.377998,-10.382789,72
RA5-0,39.377093,-10.382105,73
RA5-0,39.376198,-10.381417,74
RA5-0,39.375315,-10.380724,75
RA5-0,39.374386,-10.379979,76
RA5-0,39.373467,-10.379226,77
RA5-0,39.372557,-10.378466,78
RA5-0,39.371657,-10.377700,79
RA5-0,39.370764,-10.376928,80
RA5-0,39.369878,-10.376151,81
RA5-0,39.368999,-10.375369,82
RA5-0,39.368126,-10.374583,83
RA5-0,39.367258,-10.373793,84
RA5-0,39.366393,-10.373000,85
RA5-0,39.365533,-10.372205,86
RA5-0,39.364675,-10.371407,87
RA5-0,39.363819,-10.370608,88
RA5-0,39.362965,-10.369809,89
RA5-0,39.362111,-10.369009,90
RA5-0,39.361256,-10.368209,91
RA5-0,39.360401,-10.367409,92
RA5-0,39.359544,-10.366611,93
RA5-0,39.358684,-10.365815,94
RA5-0,39.357822,-10.365022,95
RA5-0,39.356955,-10.364231,96
RA5-0,39.356083,-10.363443,97
RA5-0,39.355258,-10.361082,98
RA5-0,39.353195,-10.361505,99
RA5-0,39.350969,-10.362768,100
RA5-0,39.348692,-10.363142,101
RA5-0,39.349312,-10.366132,102
RA5-0,39.351238,-10.365549,103
RA5-1,39.351238,-10.365549,1
RA5-1,39.349312,-10.366132,2
RA5-1,39.348692,-10.363142,3
RA5-1,39.350969,-10.362768,4
RA5-1,39.353195,-10.361505,5
RA5-1,39.355258,-10.361082,6
RA5-1,39.356083,-10.363443,7
RA5-1,39.356955,-10.364231,8
RA5-1,39.357822,-10.365022,9
RA5-1,39.358684,-10.365815,10
RA5-1,39.359544,-10.366611,11
RA5-1,39.360401,-10.367409,12
RA5-1,39.361256,-10.368209,13
RA5-1,39.362111,-10.369009,14
RA5-1,39.362965,-10.369809,15
RA5-1,39.363819,-10.370608,16
RA5-1,39.364675,-10.371407,17
RA5-1,39.365533,-10.372205,18
RA5-1,39.366393,-10.373000,19
RA5-1,39.367258,-10.373793,20
RA5-1,39.368126,-10.374583,21
RA5-1,39.368999,-10.375369,22
RA5-1,39.369878,-10.376151,23
RA5-1,39.370764,-10.376928,24
RA5-1,39.371657,-10.377700,25
RA5-1,39.372557,-10.378466,26
RA5-1,39.373467,-10.379226,27
RA5-1,39.374386,-10.379979,28
RA5-1,39.375315,-10.380724,29
RA5-1,39.376198,-10.381417,30
RA5-1,39.377093,-10.382105,31
RA5-1,39.377998,-10.382789,32
RA5-1,39.378914,-10.383467,33
RA5-1,39.379838,-10.384142,34
RA5-1,39.380771,-10.384812,35
RA5-1,39.381711,-10.385478,36
RA5-1,39.382656,-10.386140,37
RA5-1,39.383607,-10.386799,38
RA5-1,39.384562,-10.387455,39
RA5-1,39.385521,-10.388107,40
RA5-1,39.386481,-10.388756,41
RA5-1,39.387443,-10.389403,42
RA5-1,39.388406,-10.390047,43
RA5-1,39.389367,-10.390688,44
RA5-1,39.390327,-10.391327,45
RA5-1,39.391285,-10.391965,46
RA5-1,39.392239,-10.392600,47
RA5-1,39.393189,-10.393234,48
RA5-1,39.394133,-10.393866,49
RA5-1,39.395071,-10.394498,50
RA5-1,39.396001,-10.395128,51
RA5-1,39.396923,-10.395757,52
RA5-1,39.397836,-10.396385,53
RA5-1,39.398739,-10.397014,54
RA5-1,39.401948,-10.391832,55
RA5-1,39.398739,-10.397014,56
RA5-1,39.399719,-10.397706,57
RA5-1,39.400692,-10.398403,58
RA5-1,39.401659,-10.399105,59
RA5-1,39.402620,-10.399810,60
RA5-1,39.403575,-10.400517,61
RA5-1,39.404526,-10.401224,62
RA5-1,39.405472,-10.401930,63
RA5-1,39.406415,-10.402633,64
RA5-1,39.407354,-10.403333,65
RA5-1,39.408290,-10.404029,66
RA5-1,39.409224,-10.404718,67
RA5-1,39.410157,-10.405399,68
RA5-1,39.411088,-10.406072,69
RA5-1,39.412018,-10.406734,70
RA5-1,39.412949,-10.407385,71
RA5-1,39.413880,-10.408023,72
RA5-1,39.414812,-10.408647,73
RA5-1,39.415745,-10.409256,74
RA5-1,39.416680,-10.409848,75
RA5-1,39.417618,-10.410421,76
RA5-1,39.418559,-10.410976,77
RA5-1,39.419526,-10.411523,78
RA5-1,39.420494,-10.412048,79
RA5-1,39.421461,-10.412552,80
RA5-1,39.422429,-10.413038,81
RA5-1,39.423396,-10.413507,82
RA5-1,39.424363,-10.413962,83
RA5-1,39.425329,-10.414404,84
RA5-1,39.426296,-10.414835,85
RA5-1,39.427263,-10.415257,86
RA5-1,39.428229,-10.415672,87
RA5-1,39.429195,-10.416082,88
RA5-1,39.430162,-10.416489,89
RA5-1,39.431128,-10.416894,90
RA5-1,39.432095,-10.417301,91
RA5-1,39.433061,-10.417709,92
RA5-1,39.434027,-10.418122,93
RA5-1,39.434994,-10.418542,94
RA5-1,39.435960,-10.418970,95
RA5-1,39.436927,-10.419408,96
RA5-1,39.437459,-10.422688,97
RA5-1,39.439887,-10.422503,98
RA5-1,39.442323,-10.421857,99
RA5-1,39.444454,-10.421388,100
RA5-1,39.446936,-10.420977,101
RA5-1,39.447061,-10.423832,102
RA5-1,39.451384,-10.427945,103
RA6-0,39.451384,-10.427945,1
RA6-0,39.447061,-10.423832,2
RA6-0,39.446936,-10.420977,3
RA6-0,39.444454,-10.421388,4
RA6-0,39.442323,-10.421857,5
RA6-0,39.441761,-10.419026,6
RA6-0,39.441425,-10.415470,7
RA6-0,39.441359,-10.412490,8
RA6-0,39.443391,-10.412416,9
RA6-0,39.443816,-10.411153,10
RA6-0,39.444231,-10.409892,11
RA6-0,39.444638,-10.408632,12
RA6-0,39.445037,-10.407374,13
RA6-0,39.445429,-10.406117,14
RA6-0,39.445817,-10.404860,15
RA6-0,39.446202,-10.403604,16
RA6-0,39.446584,-10.402348,17
RA6-0,39.446965,-10.401093,18
RA6-0,39.447346,-10.399838,19
RA6-0,39.447730,-10.398582,20
RA6-0,39.448116,-10.397325,21
RA6-0,39.448507,-10.396068,22
RA6-0,39.448904,-10.394810,23
RA6-0,39.449308,-10.393551,24
RA6-0,39.449720,-10.392291,25
RA6-0,39.450142,-10.391029,26
RA6-0,39.450575,-10.389765,27
RA6-0,39.451020,-10.388499,28
RA6-0,39.451479,-10.387230,29
RA6-0,39.451953,-10.385960,30
RA6-0,39.452443,-10.384686,31
RA6-0,39.452951,-10.383410,32
RA6-0,39.453478,-10.382130,33
RA6-0,39.454026,-10.380847,34
RA6-0,39.454595,-10.379561,35
RA6-0,39.455087,-10.378484,36
RA6-0,39.455595,-10.377404,37
RA6-0,39.456118,-10.376321,38
RA6-0,39.456655,-10.375236,39
RA6-0,39.457205,-10.374149,40
RA6-0,39.457768,-10.373060,41
RA6-0,39.458343,-10.371969,42
RA6-0,39.458930,-10.370876,43
RA6-0,39.459528,-10.369782,44
RA6-0,39.460135,-10.368685,45
RA6-0,39.460753,-10.367587,46
RA6-0,39.461379,-10.366488,47
RA6-0,39.462013,-10.365387,48
RA6-0,39.462655,-10.364285,49
RA6-0,39.463304,-10.363181,50
RA6-0,39.463959,-10.362077,51
RA6-0,39.464620,-10.360972,52
RA6-0,39.465286,-10.359866,53
RA6-0,39.465956,-10.358759,54
RA6-0,39.466630,-10.357652,55
RA6-0,39.467306,-10.356544,56
RA6-0,39.467986,-10.355436,57
RA6-0,39.468667,-10.354327,58
RA6-0,39.469349,-10.353219,59
RA6-0,39.470031,-10.352110,60
RA6-0,39.470713,-10.351001,61
RA6-0,39.471395,-10.349892,62
RA6-0,39.472075,-10.348784,63
RA6-0,39.472752,-10.347676,64
RA6-0,39.473427,-10.346569,65
RA6-0,39.474099,-10.345462,66
RA6-0,39.474766,-10.344355,67
RA6-0,39.475429,-10.343250,68
RA6-0,39.476086,-10.342145,69
RA6-0,39.476737,-10.341042,70
RA6-0,39.477381,-10.339939,71
RA6-0,39.478018,-10.338838,72
RA6-1,39.478018,-10.338838,1
RA6-1,39.477381,-10.339939,2
RA6-1,39.476737,-10.341042,3
RA6-1,39.476086,-10.342145,4
RA6-1,39.475429,-10.343250,5
RA6-1,39.474766,-10.344355,6
RA6-1,39.474099,-10.345462,7
RA6-1,39.473427,-10.346569,8
RA6-1,39.472752,-10.347676,9
RA6-1,39.472075,-10.348784,10
RA6-1,39.471395,-10.349892,11
RA6-1,39.470713,-10.351001,12
RA6-1,39.470031,-10.352110,13
RA6-1,39.469349,-10.353219,14
RA6-1,39.468667,-10.354327,15
RA6-1,39.467986,-10.355436,16
RA6-1,39.467306,-10.356544,17
RA6-1,39.466630,-10.357652,18
RA6-1,39.465956,-10.358759,19
RA6-1,39.465286,-10.359866,20
RA6-1,39.464620,-10.360972,21
RA6-1,39.463959,-10.362077,22
RA6-1,39.463304,-10.363181,23
RA6-1,39.462655,-10.364285,24
RA6-1,39.462013,-10.365387,25
RA6-1,39.461379,-10.366488,26
RA6-1,39.460753,-10.367587,27
RA6-1,39.460135,-10.368685,28
RA6-1,39.459528,-10.369782,29
RA6-1,39.458930,-10.370876,30
RA6-1,39.458343,-10.371969,31
RA6-1,39.457768,-10.373060,32
RA6-1,39.457205,-10.374149,33
RA6-1,39.456655,-10.375236,34
RA6-1,39.456118,-10.376321,35
RA6-1,39.455595,-10.377404,36
RA6-1,39.455087,-10.378484,37
RA6-1,39.454595,-10.379561,38
RA6-1,39.454026,-10.380847,39
RA6-1,39.453478,-10.382130,40
RA6-1,39.452951,-10.383410,41
RA6-1,39.452443,-10.384686,42
RA6-1,39.451953,-10.385960,43
RA6-1,39.451479,-10.387230,44
RA6-1,39.451020,-10.388499,45
RA6-1,39.450575,-10.389765,46
RA6-1,39.450142,-10.391029,47
RA6-1,39.449720,-10.392291,48
RA6-1,39.449308,-10.393551,49
RA6-1,39.448904,-10.394810,50
RA6-1,39.448507,-10.396068,51
RA6-1,39.448116,-10.397325,52
RA6-1,39.447730,-10.398582,53
RA6-1,39.447346,-10.399838,54
RA6-1,39.446965,-10.401093,55
RA6-1,39.446584,-10.402348,56
RA6-1,39.446202,-10.403604,57
RA6-1,39.445817,-10.404860,58
RA6-1,39.445429,-10.406117,59
RA6-1,39.445037,-10.407374,60
RA6-1,39.444638,-10.408632,61
RA6-1,39.444231,-10.409892,62
RA6-1,39.443816,-10.411153,63
RA6-1,39.443391,-10.412416,64
RA6-1,39.441359,-10.412490,65
RA6-1,39.441425,-10.415470,66
RA6-1,39.441761,-10.419026,67
RA6-1,39.442323,-10.421857,68
RA6-1,39.444454,-10.421388,69
RA6-1,39.446936,-10.420977,70
RA6-1,39.447061,-10.423832,71
RA6-1,39.451384,-10.427945,72
RA7-0,39.379051,-10.595164,1
RA7-0,39.378145,-10.597951,2
RA7-0,39.377268,-10.600527,3
RA7-0,39.377928,-10.601583,4
RA7-0,39.378582,-10.602643,5
RA7-0,39.379229,-10.603706,6
RA7-0,39.379871,-10.604772,7
RA7-0,39.380509,-10.605840,8
RA7-0,39.381143,-10.606910,9
RA7-0,39.381774,-10.607982,10
RA7-0,39.382402,-10.609055,11
RA7-0,39.383029,-10.610129,12
RA7-0,39.383655,-10.611203,13
RA7-0,39.384280,-10.612278,14
RA7-0,39.384906,-10.613353,15
RA7-0,39.385534,-10.614426,16
RA7-0,39.386163,-10.615499,17
RA7-0,39.386795,-10.616570,18
RA7-0,39.387430,-10.617640,19
RA7-0,39.388069,-10.618707,20
RA7-0,39.388713,-10.619772,21
RA7-0,39.389362,-10.620834,22
RA7-0,39.390017,-10.621892,23
RA7-0,39.390680,-10.622947,24
RA7-0,39.391350,-10.623998,25
RA7-0,39.392028,-10.625044,26
RA7-0,39.392715,-10.626086,27
RA7-0,39.393412,-10.627122,28
RA7-0,39.394120,-10.628152,29
RA7-0,39.394838,-10.629177,30
RA7-0,39.395568,-10.630195,31
RA7-0,39.396311,-10.631206,32
RA7-0,39.397068,-10.632210,33
RA7-0,39.397838,-10.633207,34
RA7-0,39.398556,-10.634119,35
RA7-0,39.399283,-10.635032,36
RA7-0,39.400019,-10.635948,37
RA7-0,39.400764,-10.636864,38
RA7-0,39.401517,-10.637780,39
RA7-0,39.402278,-10.638697,40
RA7-0,39.403047,-10.639613,41
RA7-0,39.403824,-10.640529,42
RA7-0,39.404608,-10.641443,43
RA7-0,39.405399,-10.642355,44
RA7-0,39.406197,-10.643265,45
RA7-0,39.407002,-10.644172,46
RA7-0,39.407812,-10.645076,47
RA7-0,39.408629,-10.645976,48
RA7-0,39.409451,-10.646872,49
RA7-0,39.410279,-10.647764,50
RA7-0,39.411112,-10.648650,51
RA7-0,39.411951,-10.649532,52
RA7-0,39.412793,-10.650407,53
RA7-0,39.413641,-10.651276,54
RA7-0,39.414492,-10.652137,55
RA7-0,39.415347,-10.652992,56
RA7-0,39.416206,-10.653839,57
RA7-0,39.417069,-10.654678,58
RA7-0,39.417934,-10.655507,59
RA7-0,39.418803,-10.656328,60
RA7-0,39.419674,-10.657139,61
RA7-0,39.420547,-10.657940,62
RA7-0,39.421422,-10.658731,63
RA7-0,39.422300,-10.659511,64
RA7-0,39.423178,-10.660279,65
RA7-0,39.424058,-10.661035,66
RA7-0,39.424939,-10.661779,67
RA7-0,39.425821,-10.662510,68
RA7-0,39.426703,-10.663228,69
RA7-0,39.427586,-10.663932,70
RA7-0,39.428468,-10.664621,71
RA7-0,39.429396,-10.665333,72
RA7-0,39.430329,-10.666037,73
RA7-0,39.431266,-10.666733,74
RA7-0,39.432207,-10.667421,75
RA7-0,39.433153,-10.668100,76
RA7-0,39.434103,-10.668771,77
RA7-0,39.435057,-10.669433,78
RA7-0,39.436015,-10.670085,79
RA7-0,39.436976,-10.670729,80
RA7-0,39.437941,-10.671363,81
RA7-0,39.438910,-10.671987,82
RA7-0,39.439882,-10.672602,83
RA7-0,39.440857,-10.673207,84
RA7-0,39.441835,-10.673801,85
RA7-0,39.442815,-10.674385,86
RA7-0,39.443799,-10.674958,87
RA7-0,39.444785,-10.675521,88
RA7-0,39.445774,-10.676072,89
RA7-0,39.446764,-10.676613,90
RA7-0,39.447757,-10.677141,91
RA7-0,39.448752,-10.677659,92
RA7-0,39.449749,-10.678164,93
RA7-0,39.450748,-10.678658,94
RA7-0,39.451748,-10.679139,95
RA7-0,39.452749,-10.679608,96
RA7-0,39.453752,-10.680064,97
RA7-0,39.454756,-10.680508,98
RA7-0,39.455760,-10.680938,99
RA7-0,39.456766,-10.681356,100
RA7-0,39.457772,-10.681760,101
RA7-0,39.458779,-10.682150,102
RA7-0,39.459787,-10.682527,103
RA7-0,39.460794,-10.682889,104
RA7-0,39.461802,-10.683238,105
RA7-0,39.462847,-10.683588,106
RA7-0,39.463897,-10.683932,107
RA7-0,39.464951,-10.684268,108
RA7-0,39.466010,-10.684598,109
RA7-0,39.467073,-10.684918,110
RA7-0,39.468140,-10.685230,111
RA7-0,39.469210,-10.685532,112
RA7-0,39.470283,-10.685823,113
RA7-0,39.471359,-10.686103,114
RA7-0,39.472436,-10.686372,115
RA7-0,39.473516,-10.686628,116
RA7-0,39.474598,-10.686870,117
RA7-0,39.475680,-10.687099,118
RA7-0,39.476764,-10.687313,119
RA7-0,39.477848,-10.687512,120
RA7-0,39.478932,-10.687695,121
RA7-0,39.480017,-10.687862,122
RA7-0,39.481100,-10.688011,123
RA7-0,39.482183,-10.688142,124
RA7-0,39.483265,-10.688254,125
RA7-0,39.484346,-10.688347,126
RA7-0,39.485424,-10.688420,127
RA7-0,39.486501,-10.688472,128
RA7-0,39.487575,-10.688502,129
RA7-0,39.488646,-10.688511,130
RA7-0,39.489714,-10.688496,131
RA7-0,39.490779,-10.688458,132
RA7-0,39.491839,-10.688396,133
RA7-0,39.492895,-10.688309,134
RA7-0,39.493947,-10.688196,135
RA7-0,39.494994,-10.688058,136
RA7-0,39.496036,-10.687892,137
RA7-0,39.497053,-10.687705,138
RA7-0,39.498077,-10.687494,139
RA7-0,39.499108,-10.687259,140
RA7-0,39.500145,-10.687002,141
RA7-0,39.501186,-10.686722,142
RA7-0,39.502231,-10.686420,143
RA7-0,39.503278,-10.686096,144
RA7-0,39.504328,-10.685751,145
RA7-0,39.505378,-10.685386,146
RA7-0,39.506429,-10.685000,147
RA7-0,39.507478,-10.684595,148
RA7-0,39.508526,-10.684170,149
RA7-0,39.509571,-10.683727,150
RA7-0,39.510612,-10.683265,151
RA7-0,39.511648,-10.682785,152
RA7-0,39.512680,-10.682288,153
RA7-0,39.513704,-10.681773,154
RA7-0,39.514722,-10.681242,155
RA7-0,39.515731,-10.680695,156
RA7-0,39.516730,-10.680133,157
RA7-0,39.517720,-10.679555,158
RA7-0,39.518698,-10.678962,159
RA7-0,39.519665,-10.678355,160
RA7-0,39.520619,-10.677735,161
RA7-0,39.521559,-10.677101,162
RA7-0,39.522484,-10.676454,163
RA7-0,39.523393,-10.675794,164
RA7-0,39.524286,-10.675123,165
RA7-0,39.525161,-10.674440,166
RA7-0,39.526018,-10.673746,167
RA7-0,39.526855,-10.673042,168
RA7-0,39.527673,-10.672327,169
RA7-0,39.528468,-10.671603,170
RA7-0,39.529328,-10.670783,171
RA7-0,39.530182,-10.669930,172
RA7-0,39.531028,-10.669044,173
RA7-0,39.531865,-10.668129,174
RA7-0,39.532693,-10.667185,175
RA7-0,39.533510,-10.666216,176
RA7-0,39.534316,-10.665223,177
RA7-0,39.535110,-10.664209,178
RA7-0,39.535890,-10.663175,179
RA7-0,39.536655,-10.662124,180
RA7-0,39.537405,-10.661058,181
RA7-0,39.538139,-10.659979,182
RA7-0,39.538855,-10.658889,183
RA7-0,39.539552,-10.657790,184
RA7-0,39.540230,-10.656685,185
RA7-0,39.540888,-10.655575,186
RA7-0,39.541524,-10.654463,187
RA7-0,39.542138,-10.653351,188
RA7-0,39.542728,-10.652240,189
RA7-0,39.543294,-10.651134,190
RA7-0,39.543834,-10.650033,191
RA7-0,39.544348,-10.648941,192
RA7-0,39.544835,-10.647859,193
RA7-0,39.545293,-10.646790,194
RA7-0,39.545721,-10.645735,195
RA7-0,39.546120,-10.644697,196
RA7-0,39.546486,-10.643678,197
RA7-0,39.546915,-10.642331,198
RA7-0,39.547269,-10.640990,199
RA7-0,39.547555,-10.639654,200
RA7-0,39.547782,-10.638322,201
RA7-0,39.547959,-10.636995,202
RA7-0,39.548094,-10.635671,203
RA7-0,39.548195,-10.634350,204
RA7-0,39.548271,-10.633031,205
RA7-0,39.548330,-10.631713,206
RA7-0,39.548381,-10.630396,207
RA7-0,39.548431,-10.629079,208
RA7-0,39.548490,-10.627761,209
RA7-0,39.548566,-10.626442,210
RA7-0,39.548668,-10.625120,211
RA7-0,39.548802,-10.623797,212
RA7-0,39.548535,-10.620662,213
RA7-0,39.548867,-10.618280,214
RA7-0,39.548535,-10.620662,215
RA7-0,39.550816,-10.621277,216
RA7-0,39.553105,-10.621676,217
RA7-0,39.556330,-10.624595,218
RA7-1,39.556330,-10.624595,1
RA7-1,39.553105,-10.621676,2
RA7-1,39.550816,-10.621277,3
RA7-1,39.548535,-10.620662,4
RA7-1,39.548867,-10.618280,5
RA7-1,39.548535,-10.620662,6
RA7-1,39.548802,-10.623797,7
RA7-1,39.548668,-10.625120,8
RA7-1,39.548566,-10.626442,9
RA7-1,39.548490,-10.627761,10
RA7-1,39.548431,-10.629079,11
RA7-1,39.548381,-10.630396,12
RA7-1,39.548330,-10.631713,13
RA7-1,39.548271,-10.633031,14
RA7-1,39.548195,-10.634350,15
RA7-1,39.548094,-10.635671,16
RA7-1,39.547959,-10.636995,17
RA7-1,39.547782,-10.638322,18
RA7-1,39.547555,-10.639654,19
RA7-1,39.547269,-10.640990,20
RA7-1,39.546915,-10.642331,21
RA7-1,39.546486,-10.643678,22
RA7-1,39.546120,-10.644697,23
RA7-1,39.545721,-10.645735,24
RA7-1,39.545293,-10.646790,25
RA7-1,39.544835,-10.647859,26
RA7-1,39.544348,-10.648941,27
RA7-1,39.543834,-10.650033,28
RA7-1,39.543294,-10.651134,29
RA7-1,39.542728,-10.652240,30
RA7-1,39.542138,-10.653351,31
RA7-1,39.541524,-10.654463,32
RA7-1,39.540888,-10.655575,33
RA7-1,39.540230,-10.656685,34
RA7-1,39.539552,-10.657790,35
RA7-1,39.538855,-10.658889,36
RA7-1,39.538139,-10.659979,37
RA7-1,39.537405,-10.661058,38
RA7-1,39.536655,-10.662124,39
RA7-1,39.535890,-10.663175,40
RA7-1,39.535110,-10.664209,41
RA7-1,39.534316,-10.665223,42
RA7-1,39.533510,-10.666216,43
RA7-1,39.532693,-10.667185,44
RA7-1,39.531865,-10.668129,45
RA7-1,39.531028,-10.669044,46
RA7-1,39.530182,-10.669930,47
RA7-1,39.529328,-10.670783,48
RA7-1,39.528468,-10.671603,49
RA7-1,39.527673,-10.672327,50
RA7-1,39.526855,-10.673042,51
RA7-1,39.526018,-10.673746,52
RA7-1,39.525161,-10.674440,53
RA7-1,39.524286,-10.675123,54
RA7-1,39.523393,-10.675794,55
RA7-1,39.522484,-10.676454,56
RA7-1,39.521559,-10.677101,57
RA7-1,39.520619,-10.677735,58
RA7-1,39.519665,-10.678355,59
RA7-1,39.518698,-10.678962,60
RA7-1,39.517720,-10.679555,61
RA7-1,39.516730,-10.680133,62
RA7-1,39.515731,-10.680695,63
RA7-1,39.514722,-10.681242,64
RA7-1,39.513704,-10.681773,65
RA7-1,39.512680,-10.682288,66
RA7-1,39.511648,-10.682785,67
RA7-1,39.510612,-10.683265,68
RA7-1,39.509571,-10.683727,69
RA7-1,39.508526,-10.684170,70
RA7-1,39.507478,-10.684595,71
RA7-1,39.506429,-10.685000,72
RA7-1,39.505378,-10.685386,73
RA7-1,39.504328,-10.685751,74
RA7-1,39.503278,-10.686096,75
RA7-1,39.502231,-10.686420,76
RA7-1,39.501186,-10.686722,77
RA7-1,39.500145,-10.687002,78
RA7-1,39.499108,-10.687259,79
RA7-1,39.498077,-10.687494,80
RA7-1,39.497053,-10.687705,81
RA7-1,39.496036,-10.687892,82
RA7-1,39.494994,-10.688058,83
RA7-1,39.493947,-10.688196,84
RA7-1,39.492895,-10.688309,85
RA7-1,39.491839,-10.688396,86
RA7-1,39.490779,-10.688458,87
RA7-1,39.489714,-10.688496,88
RA7-1,39.488646,-10.688511,89
RA7-1,39.487575,-10.688502,90
RA7-1,39.486501,-10.688472,91
RA7-1,39.485424,-10.688420,92
RA7-1,39.484346,-10.688347,93
RA7-1,39.483265,-10.688254,94
RA7-1,39.482183,-10.688142,95
RA7-1,39.481100,-10.688011,96
RA7-1,39.480017,-10.687862,97
RA7-1,39.478932,-10.687695,98
RA7-1,39.477848,-10.687512,99
RA7-1,39.476764,-10.687313,100
RA7-1,39.475680,-10.687099,101
RA7-1,39.474598,-10.686870,102
RA7-1,39.473516,-10.686628,103
RA7-1,39.472436,-10.686372,104
RA7-1,39.471359,-10.686103,105
RA7-1,39.470283,-10.685823,106
RA7-1,39.469210,-10.685532,107
RA7-1,39.468140,-10.685230,108
RA7-1,39.467073,-10.684918,109
RA7-1,39.466010,-10.684598,110
RA7-1,39.464951,-10.684268,111
RA7-1,39.463897,-10.683932,112
RA7-1,39.462847,-10.683588,113
RA7-1,39.461802,-10.683238,114
RA7-1,39.460794,-10.682889,115
RA7-1,39.459787,-10.682527,116
RA7-1,39.458779,-10.682150,117
RA7-1,39.457772,-10.681760,118
RA7-1,39.456766,-10.681356,119
RA7-1,39.455760,-10.680938,120
RA7-1,39.454756,-10.680508,121
RA7-1,39.453752,-10.680064,122
RA7-1,39.452749,-10.679608,123
RA7-1,39.451748,-10.679139,124
RA7-1,39.450748,-10.678658,125
RA7-1,39.449749,-10.678164,126
RA7-1,39.448752,-10.677659,127
RA7-1,39.447757,-10.677141,128
RA7-1,39.446764,-10.676613,129
RA7-1,39.445774,-10.676072,130
RA7-1,39.444785,-10.675521,131
RA7-1,39.443799,-10.674958,132
RA7-1,39.442815,-10.674385,133
RA7-1,39.441835,-10.673801,134
RA7-1,39.440857,-10.673207,135
RA7-1,39.439882,-10.672602,136
RA7-1,39.438910,-10.671987,137
RA7-1,39.437941,-10.671363,138
RA7-1,39.436976,-10.670729,139
RA7-1,39.436015,-10.670085,140
RA7-1,39.435057,-10.669433,141
RA7-1,39.434103,-10.668771,142
RA7-1,39.433153,-10.668100,143
RA7-1,39.432207,-10.667421,144
RA7-1,39.431266,-10.666733,145
RA7-1,39.430329,-10.666037,146
RA7-1,39.429396,-10.665333,147
RA7-1,39.428468,-10.664621,148
RA7-1,39.427586,-10.663932,149
RA7-1,39.426703,-10.663228,150
RA7-1,39.425821,-10.662510,151
RA7-1,39.424939,-10.661779,152
RA7-1,39.424058,-10.661035,153
RA7-1,39.423178,-10.660279,154
RA7-1,39.422300,-10.659511,155
RA7-1,39.421422,-10.658731,156
RA7-1,39.420547,-10.657940,157
RA7-1,39.419674,-10.657139,158
RA7-1,39.418803,-10.656328,159
RA7-1,39.417934,-10.655507,160
RA7-1,39.417069,-10.654678,161
RA7-1,39.416206,-10.653839,162
RA7-1,39.415347,-10.652992,163
RA7-1,39.414492,-10.652137,164
RA7-1,39.413641,-10.651276,165
RA7-1,39.412793,-10.650407,166
RA7-1,39.411951,-10.649532,167
RA7-1,39.411112,-10.648650,168
RA7-1,39.410279,-10.647764,169
RA7-1,39.409451,-10.646872,170
RA7-1,39.408629,-10.645976,171
RA7-1,39.407812,-10.645076,172
RA7-1,39.407002,-10.644172,173
RA7-1,39.406197,-10.643265,174
RA7-1,39.405399,-10.642355,175
RA7-1,39.404608,-10.641443,176
RA7-1,39.403824,-10.640529,177
RA7-1,39.403047,-10.639613,178
RA7-1,39.402278,-10.638697,179
RA7-1,39.401517,-10.637780,180
RA7-1,39.400764,-10.636864,181
RA7-1,39.400019,-10.635948,182
RA7-1,39.399283,-10.635032,183
RA7-1,39.398556,-10.634119,184
RA7-1,39.397838,-10.633207,185
RA7-1,39.397068,-10.632210,186
RA7-1,39.396311,-10.631206,187
RA7-1,39.395568,-10.630195,188
RA7-1,39.394838,-10.629177,189
RA7-1,39.394120,-10.628152,190
RA7-1,39.393412,-10.627122,191
RA7-1,39.392715,-10.626086,192
RA7-1,39.392028,-10.625044,193
RA7-1,39.391350,-10.623998,194
RA7-1,39.390680,-10.622947,195
RA7-1,39.390017,-10.621892,196
RA7-1,39.389362,-10.620834,197
RA7-1,39.388713,-10.619772,198
RA7-1,39.388069,-10.618707,199
RA7-1,39.387430,-10.617640,200
RA7-1,39.386795,-10.616570,201
RA7-1,39.386163,-10.615499,202
RA7-1,39.385534,-10.614426,203
RA7-1,39.384906,-10.613353,204
RA7-1,39.384280,-10.612278,205
RA7-1,39.383655,-10.611203,206
RA7-1,39.383029,-10.610129,207
RA7-1,39.382402,-10.609055,208
RA7-1,39.381774,-10.607982,209
RA7-1,39.381143,-10.606910,210
RA7-1,39.380509,-10.605840,211
RA7-1,39.379871,-10.604772,212
RA7-1,39.379229,-10.603706,213
RA7-1,39.378582,-10.602643,214
RA7-1,39.377928,-10.601583,215
RA7-1,39.377268,-10.600527,216
RA7-1,39.378145,-10.597951,217
RA7-1,39.379051,-10.595164,218
RA8-0,39.470201,-10.538590,1
RA8-0,39.472533,-10.539339,2
RA8-0,39.473049,-10.535861,3
RA8-0,39.472533,-10.539339,4
RA8-0,39.474670,-10.540143,5
RA8-0,39.474495,-10.543246,6
RA8-0,39.473679,-10.546538,7
RA8-0,39.474495,-10.543246,8
RA8-0,39.474670,-10.540143,9
RA8-0,39.475307,-10.536905,10
RA8-0,39.476170,-10.536079,11
RA8-0,39.477035,-10.535243,12
RA8-0,39.477902,-10.534398,13
RA8-0,39.478771,-10.533547,14
RA8-0,39.479640,-10.532691,15
RA8-0,39.480510,-10.531831,16
RA8-0,39.481381,-10.530968,17
RA8-0,39.482252,-10.530105,18
RA8-0,39.483123,-10.529241,19
RA8-0,39.483993,-10.528380,20
RA8-0,39.484863,-10.527523,21
RA8-0,39.485732,-10.526670,22
RA8-0,39.486599,-10.525823,23
RA8-0,39.487465,-10.524984,24
RA8-0,39.488329,-10.524154,25
RA8-0,39.489190,-10.523335,26
RA8-0,39.490050,-10.522528,27
RA8-0,39.490906,-10.521734,28
RA8-0,39.491759,-10.520955,29
RA8-0,39.492609,-10.520193,30
RA8-0,39.493455,-10.519449,31
RA8-0,39.494297,-10.518723,32
RA8-0,39.495135,-10.518019,33
RA8-0,39.496063,-10.517270,34
RA8-0,39.496992,-10.516558,35
RA8-0,39.497922,-10.515878,36
RA8-0,39.498852,-10.515227,37
RA8-0,39.499781,-10.514598,38
RA8-0,39.500708,-10.513987,39
RA8-0,39.501632,-10.513390,40
RA8-0,39.502552,-10.512802,41
RA8-0,39.503468,-10.512218,42
RA8-0,39.504378,-10.511634,43
RA8-0,39.505282,-10.511045,44
RA8-0,39.506179,-10.510446,45
RA8-0,39.507067,-10.509832,46
RA8-0,39.507946,-10.509200,47
RA8-0,39.508814,-10.508543,48
RA8-0,39.509672,-10.507858,49
RA8-0,39.510518,-10.507140,50
RA8-0,39.511351,-10.506384,51
RA8-0,39.512170,-10.505597,52
RA8-0,39.512976,-10.504790,53
RA8-0,39.513771,-10.503962,54
RA8-0,39.514555,-10.503116,55
RA8-0,39.515330,-10.502253,56
RA8-0,39.516095,-10.501373,57
RA8-0,39.516852,-10.500480,58
RA8-0,39.517602,-10.499573,59
RA8-0,39.518345,-10.498655,60
RA8-0,39.519082,-10.497726,61
RA8-0,39.519814,-10.496789,62
RA8-0,39.520542,-10.495844,63
RA8-0,39.521266,-10.494893,64
RA8-0,39.521988,-10.493937,65
RA8-0,39.522708,-10.492978,66
RA8-0,39.523427,-10.492017,67
RA8-0,39.524146,-10.491055,68
RA8-0,39.524865,-10.490095,69
RA8-0,39.525594,-10.489111,70
RA8-0,39.526317,-10.488116,71
RA8-0,39.527034,-10.487111,72
RA8-0,39.527745,-10.486096,73
RA8-0,39.528452,-10.485072,74
RA8-0,39.529154,-10.484041,75
RA8-0,39.529854,-10.483004,76
RA8-0,39.530550,-10.481962,77
RA8-0,39.531243,-10.480915,78
RA8-0,39.531935,-10.479865,79
RA8-0,39.532626,-10.478813,80
RA8-0,39.533316,-10.477760,81
RA8-0,39.534006,-10.476707,82
RA8-0,39.534697,-10.475655,83
RA8-0,39.535389,-10.474605,84
RA8-0,39.536082,-10.473558,85
RA8-0,39.536778,-10.472516,86
RA8-0,39.537477,-10.471478,87
RA8-1,39.537477,-10.471478,1
RA8-1,39.536778,-10.472516,2
RA8-1,39.536082,-10.473558,3
RA8-1,39.535389,-10.474605,4
RA8-1,39.534697,-10.475655,5
RA8-1,39.534006,-10.476707,6
RA8-1,39.533316,-10.477760,7
RA8-1,39.532626,-10.478813,8
RA8-1,39.531935,-10.479865,9
RA8-1,39.531243,-10.480915,10
RA8-1,39.530550,-10.481962,11
RA8-1,39.529854,-10.483004,12
RA8-1,39.529154,-10.484041,13
RA8-1,39.528452,-10.485072,14
RA8-1,39.527745,-10.486096,15
RA8-1,39.527034,-10.487111,16
RA8-1,39.526317,-10.488116,17
RA8-1,39.525594,-10.489111,18
RA8-1,39.524865,-10.490095,19
RA8-1,39.524146,-10.491055,20
RA8-1,39.523427,-10.492017,21
RA8-1,39.522708,-10.492978,22
RA8-1,39.521988,-10.493937,23
RA8-1,39.521266,-10.494893,24
RA8-1,39.520542,-10.495844,25
RA8-1,39.519814,-10.496789,26
RA8-1,39.519082,-10.497726,27
RA8-1,39.518345,-10.498655,28
RA8-1,39.517602,-10.499573,29
RA8-1,39.516852,-10.500480,30
RA8-1,39.516095,-10.501373,31
RA8-1,39.515330,-10.502253,32
RA8-1,39.514555,-10.503116,33
RA8-1,39.513771,-10.503962,34
RA8-1,39.512976,-10.504790,35
RA8-1,39.512170,-10.505597,36
RA8-1,39.511351,-10.506384,37
RA8-1,39.510518,-10.507140,38
RA8-1,39.509672,-10.507858,39
RA8-1,39.508814,-10.508543,40
RA8-1,39.507946,-10.509200,41
RA8-1,39.507067,-10.509832,42
RA8-1,39.506179,-10.510446,43
RA8-1,39.505282,-10.511045,44
RA8-1,39.504378,-10.511634,45
RA8-1,39.503468,-10.512218,46
RA8-1,39.502552,-10.512802,47
RA8-1,39.501632,-10.513390,48
RA8-1,39.500708,-10.513987,49
RA8-1,39.499781,-10.514598,50
RA8-1,39.498852,-10.515227,51
RA8-1,39.497922,-10.515878,52
RA8-1,39.496992,-10.516558,53
RA8-1,39.496063,-10.517270,54
RA8-1,39.495135,-10.518019,55
RA8-1,39.494297,-10.518723,56
RA8-1,39.493455,-10.519449,57
RA8-1,39.492609,-10.520193,58
RA8-1,39.491759,-10.520955,59
RA8-1,39.490906,-10.521734,60
RA8-1,39.490050,-10.522528,61
RA8-1,39.489190,-10.523335,62
RA8-1,39.488329,-10.524154,63
RA8-1,39.487465,-10.524984,64
RA8-1,39.486599,-10.525823,65
RA8-1,39.485732,-10.526670,66
RA8-1,39.484863,-10.527523,67
RA8-1,39.483993,-10.528380,68
RA8-1,39.483123,-10.529241,69
RA8-1,39.482252,-10.530105,70
RA8-1,39.481381,-10.530968,71
RA8-1,39.480510,-10.531831,72
RA8-1,39.479640,-10.532691,73
RA8-1,39.478771,-10.533547,74
RA8-1,39.477902,-10.534398,75
RA8-1,39.477035,-10.535243,76
RA8-1,39.476170,-10.536079,77
RA8-1,39.475307,-10.536905,78
RA8-1,39.474670,-10.540143,79
RA8-1,39.474495,-10.543246,80
RA8-1,39.473679,-10.546538,81
RA8-1,39.474495,-10.543246,82
RA8-1,39.474670,-10.540143,83
RA8-1,39.472533,-10.539339,84
RA8-1,39.473049,-10.535861,85
RA8-1,39.472533,-10.539339,86
RA8-1,39.470201,-10.538590,87
RA11-0,39.470201,-10.538590,1
RA11-0,39.472533,-10.539339,2
RA11-0,39.473049,-10.535861,3
RA11-0,39.472533,-10.539339,4
RA11-0,39.474670,-10.540143,5
RA11-0,39.474495,-10.543246,6
RA11-0,39.473679,-10.546538,7
RA11-0,39.474495,-10.543246,8
RA11-0,39.474670,-10.540143,9
RA11-0,39.475307,-10.536905,10
RA11-0,39.475833,-10.533269,11
RA11-0,39.476310,-10.530495,12
RA11-0,39.480541,-10.530776,13
RA11-0,39.476310,-10.530495,14
RA11-0,39.476978,-10.527502,15
RA11-0,39.474396,-10.526151,16
RA11-0,39.472268,-10.526181,17
RA11-0,39.471357,-10.528599,18
RA11-0,39.468909,-10.528275,19
RA11-0,39.466416,-10.527813,20
RA11-0,39.463865,-10.527053,21
RA11-0,39.463527,-10.529894,22
RA11-0,39.463320,-10.533679,23
RA11-0,39.462466,-10.536364,24
RA11-0,39.462349,-10.539474,25
RA11-0,39.461535,-10.543245,26
RA11-0,39.460807,-10.546069,27
RA11-0,39.461535,-10.543245,28
RA11-0,39.464063,-10.543461,29
RA11-0,39.466778,-10.544018,30
RA11-0,39.469174,-10.545077,31
RA11-0,39.469281,-10.541954,32
RA11-0,39.470201,-10.538590,33
RA21-0,39.496036,-10.687892,1
RA21-0,39.497053,-10.687705,2
RA21-0,39.498077,-10.687494,3
RA21-0,39.499108,-10.687259,4
RA21-0,39.500145,-10.687002,5
RA21-0,39.501186,-10.686722,6
RA21-0,39.502231,-10.686420,7
RA21-0,39.503278,-10.686096,8
RA21-0,39.504328,-10.685751,9
RA21-0,39.505378,-10.685386,10
RA21-0,39.506429,-10.685000,11
RA21-0,39.507478,-10.684595,12
RA21-0,39.508526,-10.684170,13
RA21-0,39.509571,-10.683727,14
RA21-0,39.510612,-10.683265,15
RA21-0,39.511648,-10.682785,16
RA21-0,39.512680,-10.682288,17
RA21-0,39.513704,-10.681773,18
RA21-0,39.514722,-10.681242,19
RA21-0,39.515731,-10.680695,20
RA21-0,39.516730,-10.680133,21
RA21-0,39.517720,-10.679555,22
RA21-0,39.518698,-10.678962,23
RA21-0,39.519665,-10.678355,24
RA21-0,39.520619,-10.677735,25
RA21-0,39.521559,-10.677101,26
RA21-0,39.522484,-10.676454,27
RA21-0,39.523393,-10.675794,28
RA21-0,39.524286,-10.675123,29
RA21-0,39.525161,-10.674440,30
RA21-0,39.526018,-10.673746,31
RA21-0,39.526855,-10.673042,32
RA21-0,39.527673,-10.672327,33
RA21-0,39.528468,-10.671603,34
RA21-0,39.529328,-10.670783,35
RA21-0,39.530182,-10.669930,36
RA21-0,39.531028,-10.669044,37
RA21-0,39.531865,-10.668129,38
RA21-0,39.532693,-10.667185,39
RA21-0,39.533510,-10.666216,40
RA21-0,39.534316,-10.665223,41
RA21-0,39.535110,-10.664209,42
RA21-0,39.535890,-10.663175,43
RA21-0,39.536655,-10.662124,44
RA21-0,39.537405,-10.661058,45
RA21-0,39.538139,-10.659979,46
RA21-0,39.538855,-10.658889,47
RA21-0,39.539552,-10.657790,48
RA21-0,39.540230,-10.656685,49
RA21-0,39.540888,-10.655575,50
RA21-0,39.541524,-10.654463,51
RA21-0,39.542138,-10.653351,52
RA21-0,39.542728,-10.652240,53
RA21-0,39.543294,-10.651134,54
RA21-0,39.543834,-10.650033,55
RA21-0,39.544348,-10.648941,56
RA21-0,39.544835,-10.647859,57
RA21-0,39.545293,-10.646790,58
RA21-0,39.545721,-10.645735,59
RA21-0,39.546120,-10.644697,60
RA21-0,39.546486,-10.643678,61
RA21-0,39.546915,-10.642331,62
RA21-0,39.547269,-10.640990,63
RA21-0,39.547555,-10.639654,64
RA21-0,39.547782,-10.638322,65
RA21-0,39.547959,-10.636995,66
RA21-0,39.548094,-10.635671,67
RA21-0,39.548195,-10.634350,68
RA21-0,39.548271,-10.633031,69
RA21-0,39.548330,-10.631713,70
RA21-0,39.548381,-10.630396,71
RA21-0,39.548431,-10.629079,72
RA21-0,39.548490,-10.627761,73
RA21-0,39.548566,-10.626442,74
RA21-0,39.548668,-10.625120,75
RA21-0,39.548802,-10.623797,76
RA21-0,39.548535,-10.620662,77
RA21-0,39.548867,-10.618280,78
RA21-0,39.549075,-10.614772,79
RA21-0,39.549396,-10.612504,80
RA21-0,39.547266,-10.611949,81
RA21-0,39.546371,-10.611173,82
RA21-0,39.545476,-10.610404,83
RA21-0,39.544584,-10.609639,84
RA21-0,39.543692,-10.608879,85
RA21-0,39.542802,-10.608122,86
RA21-0,39.541912,-10.607368,87
RA21-0,39.541023,-10.606617,88
RA21-0,39.540134,-10.605867,89
RA21-0,39.539246,-10.605118,90
RA21-0,39.538358,-10.604369,91
RA21-0,39.537469,-10.603620,92
RA21-0,39.536580,-10.602869,93
RA21-0,39.535691,-10.602117,94
RA21-0,39.534801,-10.601363,95
RA21-0,39.533910,-10.600605,96
RA21-0,39.533018,-10.599843,97
RA21-0,39.532125,-10.599077,98
RA21-0,39.531231,-10.598305,99
RA21-0,39.530334,-10.597528,100
RA21-0,39.529436,-10.596744,101
RA21-0,39.528536,-10.595953,102
RA21-0,39.527634,-10.595154,103
RA21-0,39.526729,-10.594347,104
RA21-0,39.525821,-10.593530,105
RA21-0,39.524911,-10.592703,106
RA21-0,39.523998,-10.591866,107
RA21-0,39.523082,-10.591017,108
RA21-0,39.522162,-10.590157,109
RA21-0,39.521358,-10.589391,110
RA21-0,39.520547,-10.588603,111
RA21-0,39.519732,-10.587795,112
RA21-0,39.518911,-10.586967,113
RA21-0,39.518086,-10.586122,114
RA21-0,39.517257,-10.585262,115
RA21-0,39.516424,-10.584387,116
RA21-0,39.515588,-10.583499,117
RA21-0,39.514749,-10.582600,118
RA21-0,39.513907,-10.581692,119
RA21-0,39.513063,-10.580776,120
RA21-0,39.512218,-10.579853,121
RA21-0,39.511371,-10.578926,122
RA21-0,39.510523,-10.577995,123
RA21-0,39.509675,-10.577063,124
RA21-0,39.508826,-10.576131,125
RA21-0,39.507978,-10.575200,126
RA21-0,39.507130,-10.574273,127
RA21-0,39.506283,-10.573350,128
RA21-0,39.505438,-10.572433,129
RA21-0,39.504595,-10.571524,130
RA21-0,39.503754,-10.570625,131
RA21-0,39.502915,-10.569737,132
RA21-0,39.502080,-10.568861,133
RA21-0,39.501248,-10.567999,134
RA21-0,39.500419,-10.567153,135
RA21-0,39.499595,-10.566324,136
RA21-0,39.498776,-10.565515,137
RA21-0,39.497961,-10.564725,138
RA21-0,39.497152,-10.563958,139
RA21-0,39.496349,-10.563214,140
RA21-0,39.495551,-10.562496,141
RA21-0,39.494761,-10.561804,142
RA21-0,39.493977,-10.561141,143
RA21-0,39.493201,-10.560507,144
RA21-0,39.492432,-10.559905,145
RA21-0,39.491415,-10.559146,146
RA21-0,39.490409,-10.558434,147
RA21-0,39.489414,-10.557765,148
RA21-0,39.488428,-10.557135,149
RA21-0,39.487450,-10.556541,150
RA21-0,39.486481,-10.555978,151
RA21-0,39.485517,-10.555443,152
RA21-0,39.484560,-10.554933,153
RA21-0,39.483608,-10.554442,154
RA21-0,39.482659,-10.553968,155
RA21-0,39.481714,-10.553507,156
RA21-0,39.480770,-10.553054,157
RA21-0,39.479828,-10.552607,158
RA21-0,39.478886,-10.552161,159
RA21-0,39.477944,-10.551712,160
RA21-0,39.477000,-10.551257,161
RA21-0,39.476054,-10.550792,162
RA21-0,39.475104,-10.550313,163
RA21-0,39.474150,-10.549816,164
RA21-0,39.473191,-10.549298,165
RA21-0,39.473679,-10.546538,166
RA21-0,39.474495,-10.543246,167
RA21-0,39.474670,-10.540143,168
RA21-0,39.472533,-10.539339,169
RA21-0,39.470201,-10.538590,170
RA21-0,39.467521,-10.537580,171
RA21-0,39.467906,-10.534378,172
RA21-0,39.465806,-10.533834,173
RA21-0,39.465937,-10.531088,174
RA21-0,39.463527,-10.529894,175
RA21-0,39.463865,-10.527053,176
RA21-1,39.463865,-10.527053,1
RA21-1,39.463527,-10.529894,2
RA21-1,39.465937,-10.531088,3
RA21-1,39.465806,-10.533834,4
RA21-1,39.467906,-10.534378,5
RA21-1,39.467521,-10.537580,6
RA21-1,39.470201,-10.538590,7
RA21-1,39.472533,-10.539339,8
RA21-1,39.474670,-10.540143,9
RA21-1,39.474495,-10.543246,10
RA21-1,39.473679,-10.546538,11
RA21-1,39.473191,-10.549298,12
RA21-1,39.474150,-10.549816,13
RA21-1,39.475104,-10.550313,14
RA21-1,39.476054,-10.550792,15
RA21-1,39.477000,-10.551257,16
RA21-1,39.477944,-10.551712,17
RA21-1,39.478886,-10.552161,18
RA21-1,39.479828,-10.552607,19
RA21-1,39.480770,-10.553054,20
RA21-1,39.481714,-10.553507,21
RA21-1,39.482659,-10.553968,22
RA21-1,39.483608,-10.554442,23
RA21-1,39.484560,-10.554933,24
RA21-1,39.485517,-10.555443,25
RA21-1,39.486481,-10.555978,26
RA21-1,39.487450,-10.556541,27
RA21-1,39.488428,-10.557135,28
RA21-1,39.489414,-10.557765,29
RA21-1,39.490409,-10.558434,30
RA21-1,39.491415,-10.559146,31
RA21-1,39.492432,-10.559905,32
RA21-1,39.493201,-10.560507,33
RA21-1,39.493977,-10.561141,34
RA21-1,39.494761,-10.561804,35
RA21-1,39.495551,-10.562496,36
RA21-1,39.496349,-10.563214,37
RA21-1,39.497152,-10.563958,38
RA21-1,39.497961,-10.564725,39
RA21-1,39.498776,-10.565515,40
RA21-1,39.499595,-10.566324,41
RA21-1,39.500419,-10.567153,42
RA21-1,39.501248,-10.567999,43
RA21-1,39.502080,-10.568861,44
RA21-1,39.502915,-10.569737,45
RA21-1,39.503754,-10.570625,46
RA21-1,39.504595,-10.571524,47
RA21-1,39.505438,-10.572433,48
RA21-1,39.506283,-10.573350,49
RA21-1,39.507130,-10.574273,50
RA21-1,39.507978,-10.575200,51
RA21-1,39.508826,-10.576131,52
RA21-1,39.509675,-10.577063,53
RA21-1,39.510523,-10.577995,54
RA21-1,39.511371,-10.578926,55
RA21-1,39.512218,-10.579853,56
RA21-1,39.513063,-10.580776,57
RA21-1,39.513907,-10.581692,58
RA21-1,39.514749,-10.582600,59
RA21-1,39.515588,-10.583499,60
RA21-1,39.516424,-10.584387,61
RA21-1,39.517257,-10.585262,62
RA21-1,39.518086,-10.586122,63
RA21-1,39.518911,-10.586967,64
RA21-1,39.519732,-10.587795,65
RA21-1,39.520547,-10.588603,66
RA21-1,39.521358,-10.589391,67
RA21-1,39.522162,-10.590157,68
RA21-1,39.523082,-10.591017,69
RA21-1,39.523998,-10.591866,70
RA21-1,39.524911,-10.592703,71
RA21-1,39.525821,-10.593530,72
RA21-1,39.526729,-10.594347,73
RA21-1,39.527634,-10.595154,74
RA21-1,39.528536,-10.595953,75
RA21-1,39.529436,-10.596744,76
RA21-1,39.530334,-10.597528,77
RA21-1,39.531231,-10.598305,78
RA21-1,39.532125,-10.599077,79
RA21-1,39.533018,-10.599843,80
RA21-1,39.533910,-10.600605,81
RA21-1,39.534801,-10.601363,82
RA21-1,39.535691,-10.602117,83
RA21-1,39.536580,-10.602869,84
RA21-1,39.537469,-10.603620,85
RA21-1,39.538358,-10.604369,86
RA21-1,39.539246,-10.605118,87
RA21-1,39.540134,-10.605867,88
RA21-1,39.541023,-10.606617,89
RA21-1,39.541912,-10.607368,90
RA21-1,39.542802,-10.608122,91
RA21-1,39.543692,-10.608879,92
RA21-1,39.544584,-10.609639,93
RA21-1,39.545476,-10.610404,94
RA21-1,39.546371,-10.611173,95
RA21-1,39.547266,-10.611949,96
RA21-1,39.549396,-10.612504,97
RA21-1,39.549075,-10.614772,98
RA21-1,39.548867,-10.618280,99
RA21-1,39.548535,-10.620662,100
RA21-1,39.548802,-10.623797,101
RA21-1,39.548668,-10.625120,102
RA21-1,39.548566,-10.626442,103
RA21-1,39.548490,-10.627761,104
RA21-1,39.548431,-10.629079,105
RA21-1,39.548381,-10.630396,106
RA21-1,39.548330,-10.631713,107
RA21-1,39.548271,-10.633031,108
RA21-1,39.548195,-10.634350,109
RA21-1,39.548094,-10.635671,110
RA21-1,39.547959,-10.636995,111
RA21-1,39.547782,-10.638322,112
RA21-1,39.547555,-10.639654,113
RA21-1,39.547269,-10.640990,114
RA21-1,39.546915,-10.642331,115
RA21-1,39.546486,-10.643678,116
RA21-1,39.546120,-10.644697,117
RA21-1,39.545721,-10.645735,118
RA21-1,39.545293,-10.646790,119
RA21-1,39.544835,-10.647859,120
RA21-1,39.544348,-10.648941,121
RA21-1,39.543834,-10.650033,122
RA21-1,39.543294,-10.651134,123
RA21-1,39.542728,-10.652240,124
RA21-1,39.542138,-10.653351,125
RA21-1,39.541524,-10.654463,126
RA21-1,39.540888,-10.655575,127
RA21-1,39.540230,-10.656685,128
RA21-1,39.539552,-10.657790,129
RA21-1,39.538855,-10.658889,130
RA21-1,39.538139,-10.659979,131
RA21-1,39.537405,-10.661058,132
RA21-1,39.536655,-10.662124,133
RA21-1,39.535890,-10.663175,134
RA21-1,39.535110,-10.664209,135
RA21-1,39.534316,-10.665223,136
RA21-1,39.533510,-10.666216,137
RA21-1,39.532693,-10.667185,138
RA21-1,39.531865,-10.668129,139
RA21-1,39.531028,-10.669044,140
RA21-1,39.530182,-10.669930,141
RA21-1,39.529328,-10.670783,142
RA21-1,39.528468,-10.671603,143
RA21-1,39.527673,-10.672327,144
RA21-1,39.526855,-10.673042,145
RA21-1,39.526018,-10.673746,146
RA21-1,39.525161,-10.674440,147
RA21-1,39.524286,-10.675123,148
RA21-1,39.523393,-10.675794,149
RA21-1,39.522484,-10.676454,150
RA21-1,39.521559,-10.677101,151
RA21-1,39.520619,-10.677735,152
RA21-1,39.519665,-10.678355,153
RA21-1,39.518698,-10.678962,154
RA21-1,39.517720,-10.679555,155
RA21-1,39.516730,-10.680133,156
RA21-1,39.515731,-10.680695,157
RA21-1,39.514722,-10.681242,158
RA21-1,39.513704,-10.681773,159
RA21-1,39.512680,-10.682288,160
RA21-1,39.511648,-10.682785,161
RA21-1,39.510612,-10.683265,162
RA21-1,39.509571,-10.683727,163
RA21-1,39.508526,-10.684170,164
RA21-1,39.507478,-10.684595,165
RA21-1,39.506429,-10.685000,166
RA21-1,39.505378,-10.685386,167
RA21-1,39.504328,-10.685751,168
RA21-1,39.503278,-10.686096,169
RA21-1,39.502231,-10.686420,170
RA21-1,39.501186,-10.686722,171
RA21-1,39.500145,-10.687002,172
RA21-1,39.499108,-10.687259,173
RA21-1,39.498077,-10.687494,174
RA21-1,39.497053,-10.687705,175
RA21-1,39.496036,-10.687892,176
