shape_id,shape_pt_lat,shape_pt_lon,shape_pt_sequence
FP-0,39.645586,-10.655313,1
FP-0,39.644709,-10.655126,2
FP-0,39.643832,-10.654942,3
FP-0,39.642955,-10.654761,4
FP-0,39.642077,-10.654582,5
FP-0,39.641200,-10.654405,6
FP-0,39.640322,-10.654231,7
FP-0,39.639444,-10.654058,8
FP-0,39.638566,-10.653886,9
FP-0,39.637688,-10.653716,10
FP-0,39.636810,-10.653546,11
FP-0,39.635932,-10.653377,12
FP-0,39.635054,-10.653209,13
FP-0,39.634175,-10.653040,14
FP-0,39.633297,-10.652872,15
FP-0,39.632419,-10.652703,16
FP-0,39.631541,-10.652533,17
FP-0,39.630663,-10.652362,18
FP-0,39.629785,-10.652190,19
FP-0,39.628907,-10.652017,20
FP-0,39.628029,-10.651841,21
FP-0,39.627152,-10.651664,22
FP-0,39.626274,-10.651484,23
FP-0,39.625397,-10.651302,24
FP-0,39.624521,-10.651117,25
FP-0,39.623644,-10.650929,26
FP-0,39.622768,-10.650737,27
FP-0,39.621892,-10.650542,28
FP-0,39.621016,-10.650343,29
FP-0,39.620141,-10.650140,30
FP-0,39.619266,-10.649932,31
FP-0,39.618391,-10.649720,32
FP-0,39.617517,-10.649503,33
FP-0,39.616643,-10.649280,34
FP-0,39.615770,-10.649052,35
FP-0,39.614897,-10.648818,36
FP-0,39.614025,-10.648578,37
FP-0,39.613153,-10.648332,38
FP-0,39.612293,-10.648084,39
FP-0,39.611430,-10.647831,40
FP-0,39.610564,-10.647573,41
FP-0,39.609696,-10.647310,42
FP-0,39.608826,-10.647043,43
FP-0,39.607954,-10.646772,44
FP-0,39.607081,-10.646496,45
FP-0,39.606206,-10.646217,46
FP-0,39.605331,-10.645933,47
FP-0,39.604454,-10.645646,48
FP-0,39.603577,-10.645355,49
FP-0,39.602700,-10.645061,50
FP-0,39.601823,-10.644763,51
FP-0,39.600946,-10.644463,52
FP-0,39.600070,-10.644159,53
FP-0,39.599195,-10.643853,54
FP-0,39.598321,-10.643543,55
FP-0,39.597449,-10.643232,56
FP-0,39.596578,-10.642918,57
FP-0,39.595709,-10.642601,58
FP-0,39.594843,-10.642283,59
FP-0,39.593979,-10.641963,60
FP-0,39.593117,-10.641640,61
FP-0,39.592259,-10.641317,62
FP-0,39.591404,-10.640991,63
FP-0,39.590553,-10.640665,64
FP-0,39.589706,-10.640337,65
FP-0,39.588863,-10.640008,66
FP-0,39.588024,-10.639679,67
FP-0,39.587190,-10.639348,68
FP-0,39.586361,-10.639017,69
FP-0,39.585538,-10.638686,70
FP-0,39.584719,-10.638354,71
FP-0,39.583907,-10.638023,72
FP-0,39.583101,-10.637691,73
FP-0,39.582301,-10.637359,74
FP-0,39.581507,-10.637028,75
FP-0,39.580721,-10.636697,76
FP-0,39.579833,-10.636324,77
FP-0,39.578955,-10.635958,78
FP-0,39.578088,-10.635599,79
FP-0,39.577229,-10.635244,80
FP-0,39.576379,-10.634894,81
FP-0,39.575537,-10.634546,82
FP-0,39.574702,-10.634201,83
FP-0,39.573874,-10.633857,84
FP-0,39.573052,-10.633513,85
FP-0,39.572235,-10.633168,86
FP-0,39.571422,-10.632821,87
FP-0,39.570613,-10.632471,88
FP-0,39.569808,-10.632117,89
FP-0,39.569006,-10.631758,90
FP-0,39.568205,-10.631393,91
FP-0,39.567406,-10.631020,92
FP-0,39.566607,-10.630640,93
FP-0,39.565809,-10.630250,94
FP-0,39.565010,-10.629850,95
FP-0,39.564210,-10.629439,96
FP-0,39.563408,-10.629015,97
FP-0,39.562603,-10.628578,98
FP-0,39.561796,-10.628127,99
FP-0,39.560984,-10.627661,100
FP-0,39.560168,-10.627178,101
FP-0,39.559347,-10.626678,102
FP-0,39.558520,-10.626159,103
FP-0,39.557687,-10.625621,104
FP-0,39.556847,-10.625062,105
FP-0,39.556130,-10.624574,106
FP-0,39.555409,-10.624073,107
FP-0,39.554684,-10.623561,108
FP-0,39.553955,-10.623038,109
FP-0,39.553223,-10.622503,110
FP-0,39.552489,-10.621958,111
FP-0,39.551751,-10.621402,112
FP-0,39.551011,-10.620836,113
FP-0,39.550268,-10.620260,114
FP-0,39.549523,-10.619674,115
FP-0,39.548777,-10.619079,116
FP-0,39.548028,-10.618475,117
FP-0,39.547279,-10.617862,118
FP-0,39.546528,-10.617240,119
FP-0,39.545776,-10.616610,120
FP-0,39.545023,-10.615973,121
FP-0,39.544270,-10.615327,122
FP-0,39.543517,-10.614675,123
FP-0,39.542764,-10.614015,124
FP-0,39.542010,-10.613349,125
FP-0,39.541258,-10.612676,126
FP-0,39.540506,-10.611996,127
FP-0,39.539755,-10.611311,128
FP-0,39.539005,-10.610621,129
FP-0,39.538257,-10.609925,130
FP-0,39.537510,-10.609224,131
FP-0,39.536765,-10.608518,132
FP-0,39.536022,-10.607808,133
FP-0,39.535282,-10.607093,134
FP-0,39.534544,-10.606375,135
FP-0,39.533809,-10.605653,136
FP-0,39.533077,-10.604928,137
FP-0,39.532349,-10.604200,138
FP-0,39.531624,-10.603469,139
FP-0,39.530902,-10.602736,140
FP-0,39.530185,-10.602000,141
FP-0,39.529472,-10.601263,142
FP-0,39.528763,-10.600524,143
FP-0,39.528059,-10.599784,144
FP-0,39.527360,-10.599043,145
FP-0,39.526667,-10.598301,146
FP-0,39.525994,-10.597575,147
FP-0,39.525321,-10.596841,148
FP-0,39.524649,-10.596099,149
FP-0,39.523978,-10.595351,150
FP-0,39.523308,-10.594597,151
FP-0,39.522638,-10.593835,152
FP-0,39.521970,-10.593068,153
FP-0,39.521303,-10.592295,154
FP-0,39.520638,-10.591516,155
FP-0,39.519974,-10.590731,156
FP-0,39.519311,-10.589942,157
FP-0,39.518650,-10.589147,158
FP-0,39.517991,-10.588348,159
FP-0,39.517334,-10.587545,160
FP-0,39.516679,-10.586737,161
FP-0,39.516026,-10.585925,162
FP-0,39.515375,-10.585109,163
FP-0,39.514727,-10.584290,164
FP-0,39.514081,-10.583468,165
FP-0,39.513438,-10.582643,166
FP-0,39.512798,-10.581815,167
FP-0,39.512160,-10.580984,168
FP-0,39.511526,-10.580151,169
FP-0,39.510894,-10.579316,170
FP-0,39.510266,-10.578480,171
FP-0,39.509641,-10.577642,172
FP-0,39.509020,-10.576802,173
FP-0,39.508402,-10.575962,174
FP-0,39.507788,-10.575120,175
FP-0,39.507177,-10.574279,176
FP-0,39.506571,-10.573437,177
FP-0,39.505968,-10.572594,178
FP-0,39.505370,-10.571752,179
FP-0,39.504776,-10.570911,180
FP-0,39.504186,-10.570070,181
FP-0,39.503601,-10.569230,182
FP-0,39.503020,-10.568391,183
FP-0,39.502444,-10.567554,184
FP-0,39.501873,-10.566718,185
FP-0,39.501307,-10.565884,186
FP-0,39.500746,-10.565052,187
FP-0,39.500190,-10.564223,188
FP-0,39.499640,-10.563396,189
FP-0,39.499033,-10.562482,190
FP-0,39.498430,-10.561576,191
FP-0,39.497832,-10.560676,192
FP-0,39.497238,-10.559781,193
FP-0,39.496648,-10.558891,194
FP-0,39.496062,-10.558005,195
FP-0,39.495481,-10.557122,196
FP-0,39.494904,-10.556241,197
FP-0,39.494331,-10.555363,198
FP-0,39.493764,-10.554486,199
FP-0,39.493200,-10.553609,200
FP-0,39.492641,-10.552732,201
FP-0,39.492087,-10.551854,202
FP-0,39.491538,-10.550974,203
FP-0,39.490993,-10.550091,204
FP-0,39.490453,-10.549206,205
FP-0,39.489918,-10.548316,206
FP-0,39.489388,-10.547422,207
FP-0,39.488863,-10.546523,208
FP-0,39.488343,-10.545617,209
FP-0,39.487827,-10.544705,210
FP-0,39.487317,-10.543785,211
FP-0,39.486812,-10.542857,212
FP-0,39.486313,-10.541920,213
FP-0,39.485818,-10.540974,214
FP-0,39.485329,-10.540017,215
FP-0,39.484845,-10.539049,216
FP-0,39.484366,-10.538069,217
FP-0,39.483893,-10.537076,218
FP-0,39.483426,-10.536071,219
FP-0,39.482963,-10.535051,220
FP-0,39.482507,-10.534016,221
FP-0,39.482056,-10.532966,222
FP-0,39.481611,-10.531900,223
FP-0,39.481171,-10.530818,224
FP-0,39.480803,-10.529880,225
FP-0,39.480444,-10.528929,226
FP-0,39.480092,-10.527964,227
FP-0,39.479748,-10.526987,228
FP-0,39.479411,-10.525998,229
FP-0,39.479082,-10.524997,230
FP-0,39.478759,-10.523984,231
FP-0,39.478443,-10.522961,232
FP-0,39.478133,-10.521927,233
FP-0,39.477829,-10.520883,234
FP-0,39.477531,-10.519830,235
FP-0,39.477238,-10.518768,236
FP-0,39.476949,-10.517697,237
FP-0,39.476666,-10.516618,238
FP-0,39.476387,-10.515531,239
FP-0,39.476112,-10.514438,240
FP-0,39.475841,-10.513337,241
FP-0,39.475573,-10.512231,242
FP-0,39.475308,-10.511119,243
FP-0,39.475047,-10.510001,244
FP-0,39.474787,-10.508879,245
FP-0,39.474531,-10.507752,246
FP-0,39.474276,-10.506622,247
FP-0,39.474022,-10.505488,248
FP-0,39.473770,-10.504351,249
FP-0,39.473520,-10.503211,250
FP-0,39.473270,-10.502070,251
FP-0,39.473020,-10.500927,252
FP-0,39.472771,-10.499783,253
FP-0,39.472521,-10.498638,254
FP-0,39.472271,-10.497493,255
FP-0,39.472020,-10.496349,256
FP-0,39.471768,-10.495205,257
FP-0,39.471515,-10.494063,258
FP-0,39.471260,-10.492922,259
FP-0,39.471003,-10.491783,260
FP-0,39.470744,-10.490647,261
FP-0,39.470482,-10.489514,262
FP-0,39.470218,-10.488385,263
FP-0,39.469950,-10.487260,264
FP-0,39.469679,-10.486139,265
FP-0,39.469404,-10.485023,266
FP-0,39.469125,-10.483913,267
FP-0,39.468841,-10.482809,268
FP-0,39.468553,-10.481711,269
FP-0,39.468260,-10.480620,270
FP-0,39.467962,-10.479536,271
FP-0,39.467658,-10.478460,272
FP-0,39.467350,-10.477372,273
FP-0,39.467047,-10.476274,274
FP-0,39.466748,-10.475169,275
FP-0,39.466453,-10.474056,276
FP-0,39.466162,-10.472935,277
FP-0,39.465873,-10.471809,278
FP-0,39.465588,-10.470676,279
FP-0,39.465304,-10.469539,280
FP-0,39.465023,-10.468397,281
FP-0,39.464743,-10.467251,282
FP-0,39.464464,-10.466103,283
FP-0,39.464186,-10.464952,284
FP-0,39.463908,-10.463799,285
FP-0,39.463630,-10.462645,286
FP-0,39.463352,-10.461491,287
FP-0,39.463073,-10.460338,288
FP-0,39.462792,-10.459185,289
FP-0,39.462510,-10.458034,290
FP-0,39.462226,-10.456885,291
FP-0,39.461940,-10.455740,292
FP-0,39.461651,-10.454598,293
FP-0,39.461359,-10.453461,294
FP-0,39.461063,-10.452328,295
FP-0,39.460764,-10.451202,296
FP-0,39.460460,-10.450082,297
FP-0,39.460151,-10.448969,298
FP-0,39.459837,-10.447863,299
FP-0,39.459518,-10.446766,300
FP-0,39.459193,-10.445679,301
FP-0,39.458861,-10.444601,302
FP-0,39.458523,-10.443533,303
FP-0,39.458178,-10.442477,304
FP-0,39.457826,-10.441432,305
FP-0,39.457465,-10.440400,306
FP-0,39.457097,-10.439382,307
FP-0,39.456719,-10.438377,308
FP-0,39.456333,-10.437386,309
FP-0,39.455938,-10.436411,310
FP-0,39.455532,-10.435451,311
FP-0,39.455117,-10.434509,312
FP-0,39.454691,-10.433583,313
FP-0,39.454254,-10.432675,314
FP-0,39.453806,-10.431786,315
FP-0,39.453346,-10.430916,316
FP-0,39.452874,-10.430066,317
FP-0,39.452389,-10.429237,318
FP-0,39.451892,-10.428428,319
FP-0,39.451318,-10.427547,320
FP-0,39.450727,-10.426688,321
FP-0,39.450117,-10.425850,322
FP-0,39.449492,-10.425033,323
FP-0,39.448850,-10.424236,324
FP-0,39.448194,-10.423458,325
FP-0,39.447523,-10.422699,326
FP-0,39.446839,-10.421958,327
FP-0,39.446143,-10.421234,328
FP-0,39.445434,-10.420527,329
FP-0,39.444715,-10.419835,330
FP-0,39.443986,-10.419159,331
FP-0,39.443248,-10.418497,332
FP-0,39.442501,-10.417849,333
FP-0,39.441747,-10.417214,334
FP-0,39.440985,-10.416591,335
FP-0,39.440218,-10.415981,336
FP-0,39.439446,-10.415381,337
FP-0,39.438669,-10.414791,338
FP-0,39.437888,-10.414211,339
FP-0,39.437105,-10.413640,340
FP-0,39.436320,-10.413078,341
FP-0,39.435534,-10.412523,342
FP-0,39.434748,-10.411974,343
FP-0,39.433961,-10.411432,344
FP-0,39.433177,-10.410896,345
FP-0,39.432394,-10.410364,346
FP-0,39.431615,-10.409836,347
FP-0,39.430839,-10.409312,348
FP-0,39.430067,-10.408791,349
FP-0,39.429302,-10.408271,350
FP-0,39.428542,-10.407753,351
FP-0,39.427789,-10.407236,352
FP-0,39.427044,-10.406718,353
FP-0,39.426308,-10.406200,354
FP-0,39.425581,-10.405680,355
FP-0,39.424865,-10.405158,356
FP-0,39.424043,-10.404559,357
FP-0,39.423223,-10.403975,358
FP-0,39.422407,-10.403404,359
FP-0,39.421594,-10.402846,360
FP-0,39.420783,-10.402299,361
FP-0,39.419975,-10.401764,362
FP-0,39.419169,-10.401239,363
FP-0,39.418365,-10.400724,364
FP-0,39.417562,-10.400217,365
FP-0,39.416761,-10.399718,366
FP-0,39.415961,-10.399227,367
FP-0,39.415163,-10.398741,368
FP-0,39.414365,-10.398262,369
FP-0,39.413567,-10.397787,370
FP-0,39.412770,-10.397316,371
FP-0,39.411974,-10.396848,372
FP-0,39.411177,-10.396383,373
FP-0,39.410380,-10.395919,374
FP-0,39.409582,-10.395456,375
FP-0,39.408783,-10.394994,376
FP-0,39.407984,-10.394530,377
FP-0,39.407183,-10.394065,378
FP-0,39.406381,-10.393597,379
FP-0,39.405578,-10.393126,380
FP-0,39.404772,-10.392652,381
FP-0,39.403965,-10.392172,382
FP-0,39.403155,-10.391687,383
FP-0,39.402342,-10.391196,384
FP-0,39.401542,-10.390709,385
FP-0,39.400737,-10.390219,386
FP-0,39.399928,-10.389726,387
FP-0,39.399116,-10.389230,388
FP-0,39.398301,-10.388733,389
FP-0,39.397483,-10.388234,390
FP-0,39.396663,-10.387734,391
FP-0,39.395842,-10.387233,392
FP-0,39.395019,-10.386731,393
FP-0,39.394195,-10.386230,394
FP-0,39.393370,-10.385729,395
FP-0,39.392546,-10.385229,396
FP-0,39.391722,-10.384730,397
FP-0,39.390898,-10.384233,398
FP-0,39.390076,-10.383737,399
FP-0,39.389255,-10.383244,400
FP-0,39.388437,-10.382754,401
FP-0,39.387621,-10.382267,402
FP-0,39.386807,-10.381784,403
FP-0,39.385997,-10.381304,404
FP-0,39.385190,-10.380829,405
FP-0,39.384388,-10.380359,406
FP-0,39.383590,-10.379894,407
FP-0,39.382797,-10.379434,408
FP-0,39.382009,-10.378981,409
FP-0,39.381227,-10.378533,410
FP-0,39.380451,-10.378093,411
FP-0,39.379681,-10.377660,412
FP-0,39.378919,-10.377234,413
FP-0,39.378056,-10.376757,414
FP-0,39.377201,-10.376290,415
FP-0,39.376353,-10.375832,416
FP-0,39.375513,-10.375383,417
FP-0,39.374679,-10.374942,418
FP-0,39.373851,-10.374508,419
FP-0,39.373028,-10.374080,420
FP-0,39.372210,-10.373658,421
FP-0,39.371395,-10.373240,422
FP-0,39.370585,-10.372827,423
FP-0,39.369777,-10.372417,424
FP-0,39.368971,-10.372010,425
FP-0,39.368166,-10.371605,426
FP-0,39.367363,-10.371201,427
FP-0,39.366560,-10.370798,428
FP-0,39.365757,-10.370394,429
FP-0,39.364953,-10.369989,430
FP-0,39.364148,-10.369583,431
FP-0,39.363341,-10.369174,432
FP-0,39.362531,-10.368762,433
FP-0,39.361718,-10.368346,434
FP-0,39.360901,-10.367926,435
FP-1,39.360901,-10.367926,1
FP-1,39.361718,-10.368346,2
FP-1,39.362531,-10.368762,3
FP-1,39.363341,-10.369174,4
FP-1,39.364148,-10.369583,5
FP-1,39.364953,-10.369989,6
FP-1,39.365757,-10.370394,7
FP-1,39.366560,-10.370798,8
FP-1,39.367363,-10.371201,9
FP-1,39.368166,-10.371605,10
FP-1,39.368971,-10.372010,11
FP-1,39.369777,-10.372417,12
FP-1,39.370585,-10.372827,13
FP-1,39.371395,-10.373240,14
FP-1,39.372210,-10.373658,15
FP-1,39.373028,-10.374080,16
FP-1,39.373851,-10.374508,17
FP-1,39.374679,-10.374942,18
FP-1,39.375513,-10.375383,19
FP-1,39.376353,-10.375832,20
FP-1,39.377201,-10.376290,21
FP-1,39.378056,-10.376757,22
FP-1,39.378919,-10.377234,23
FP-1,39.379681,-10.377660,24
FP-1,39.380451,-10.378093,25
FP-1,39.381227,-10.378533,26
FP-1,39.382009,-10.378981,27
FP-1,39.382797,-10.379434,28
FP-1,39.383590,-10.379894,29
FP-1,39.384388,-10.380359,30
FP-1,39.385190,-10.380829,31
FP-1,39.385997,-10.381304,32
FP-1,39.386807,-10.381784,33
FP-1,39.387621,-10.382267,34
FP-1,39.388437,-10.382754,35
FP-1,39.389255,-10.383244,36
FP-1,39.390076,-10.383737,37
FP-1,39.390898,-10.384233,38
FP-1,39.391722,-10.384730,39
FP-1,39.392546,-10.385229,40
FP-1,39.393370,-10.385729,41
FP-1,39.394195,-10.386230,42
FP-1,39.395019,-10.386731,43
FP-1,39.395842,-10.387233,44
FP-1,39.396663,-10.387734,45
FP-1,39.397483,-10.388234,46
FP-1,39.398301,-10.388733,47
FP-1,39.399116,-10.389230,48
FP-1,39.399928,-10.389726,49
FP-1,39.400737,-10.390219,50
FP-1,39.401542,-10.390709,51
FP-1,39.402342,-10.391196,52
FP-1,39.403155,-10.391687,53
FP-1,39.403965,-10.392172,54
FP-1,39.404772,-10.392652,55
FP-1,39.405578,-10.393126,56
FP-1,39.406381,-10.393597,57
FP-1,39.407183,-10.394065,58
FP-1,39.407984,-10.394530,59
FP-1,39.408783,-10.394994,60
FP-1,39.409582,-10.395456,61
FP-1,39.410380,-10.395919,62
FP-1,39.411177,-10.396383,63
FP-1,39.411974,-10.396848,64
FP-1,39.412770,-10.397316,65
FP-1,39.413567,-10.397787,66
FP-1,39.414365,-10.398262,67
FP-1,39.415163,-10.398741,68
FP-1,39.415961,-10.399227,69
FP-1,39.416761,-10.399718,70
FP-1,39.417562,-10.400217,71
FP-1,39.418365,-10.400724,72
FP-1,39.419169,-10.401239,73
FP-1,39.419975,-10.401764,74
FP-1,39.420783,-10.402299,75
FP-1,39.421594,-10.402846,76
FP-1,39.422407,-10.403404,77
FP-1,39.423223,-10.403975,78
FP-1,39.424043,-10.404559,79
FP-1,39.424865,-10.405158,80
FP-1,39.425581,-10.405680,81
FP-1,39.426308,-10.406200,82
FP-1,39.427044,-10.406718,83
FP-1,39.427789,-10.407236,84
FP-1,39.428542,-10.407753,85
FP-1,39.429302,-10.408271,86
FP-1,39.430067,-10.408791,87
FP-1,39.430839,-10.409312,88
FP-1,39.431615,-10.409836,89
FP-1,39.432394,-10.410364,90
FP-1,39.433177,-10.410896,91
FP-1,39.433961,-10.411432,92
FP-1,39.434748,-10.411974,93
FP-1,39.435534,-10.412523,94
FP-1,39.436320,-10.413078,95
FP-1,39.437105,-10.413640,96
FP-1,39.437888,-10.414211,97
FP-1,39.438669,-10.414791,98
FP-1,39.439446,-10.415381,99
FP-1,39.440218,-10.415981,100
FP-1,39.440985,-10.416591,101
FP-1,39.441747,-10.417214,102
FP-1,39.442501,-10.417849,103
FP-1,39.443248,-10.418497,104
FP-1,39.443986,-10.419159,105
FP-1,39.444715,-10.419835,106
FP-1,39.445434,-10.420527,107
FP-1,39.446143,-10.421234,108
FP-1,39.446839,-10.421958,109
FP-1,39.447523,-10.422699,110
FP-1,39.448194,-10.423458,111
FP-1,39.448850,-10.424236,112
FP-1,39.449492,-10.425033,113
FP-1,39.450117,-10.425850,114
FP-1,39.450727,-10.426688,115
FP-1,39.451318,-10.427547,116
FP-1,39.451892,-10.428428,117
FP-1,39.452389,-10.429237,118
FP-1,39.452874,-10.430066,119
FP-1,39.453346,-10.430916,120
FP-1,39.453806,-10.431786,121
FP-1,39.454254,-10.432675,122
FP-1,39.454691,-10.433583,123
FP-1,39.455117,-10.434509,124
FP-1,39.455532,-10.435451,125
FP-1,39.455938,-10.436411,126
FP-1,39.456333,-10.437386,127
FP-1,39.456719,-10.438377,128
FP-1,39.457097,-10.439382,129
FP-1,39.457465,-10.440400,130
FP-1,39.457826,-10.441432,131
FP-1,39.458178,-10.442477,132
FP-1,39.458523,-10.443533,133
FP-1,39.458861,-10.444601,134
FP-1,39.459193,-10.445679,135
FP-1,39.459518,-10.446766,136
FP-1,39.459837,-10.447863,137
FP-1,39.460151,-10.448969,138
FP-1,39.460460,-10.450082,139
FP-1,39.460764,-10.451202,140
FP-1,39.461063,-10.452328,141
FP-1,39.461359,-10.453461,142
FP-1,39.461651,-10.454598,143
FP-1,39.461940,-10.455740,144
FP-1,39.462226,-10.456885,145
FP-1,39.462510,-10.458034,146
FP-1,39.462792,-10.459185,147
FP-1,39.463073,-10.460338,148
FP-1,39.463352,-10.461491,149
FP-1,39.463630,-10.462645,150
FP-1,39.463908,-10.463799,151
FP-1,39.464186,-10.464952,152
FP-1,39.464464,-10.466103,153
FP-1,39.464743,-10.467251,154
FP-1,39.465023,-10.468397,155
FP-1,39.465304,-10.469539,156
FP-1,39.465588,-10.470676,157
FP-1,39.465873,-10.471809,158
FP-1,39.466162,-10.472935,159
FP-1,39.466453,-10.474056,160
FP-1,39.466748,-10.475169,161
FP-1,39.467047,-10.476274,162
FP-1,39.467350,-10.477372,163
FP-1,39.467658,-10.478460,164
FP-1,39.467962,-10.479536,165
FP-1,39.468260,-10.480620,166
FP-1,39.468553,-10.481711,167
FP-1,39.468841,-10.482809,168
FP-1,39.469125,-10.483913,169
FP-1,39.469404,-10.485023,170
FP-1,39.469679,-10.486139,171
FP-1,39.469950,-10.487260,172
FP-1,39.470218,-10.488385,173
FP-1,39.470482,-10.489514,174
FP-1,39.470744,-10.490647,175
FP-1,39.471003,-10.491783,176
FP-1,39.471260,-10.492922,177
FP-1,39.471515,-10.494063,178
FP-1,39.471768,-10.495205,179
FP-1,39.472020,-10.496349,180
FP-1,39.472271,-10.497493,181
FP-1,39.472521,-10.498638,182
FP-1,39.472771,-10.499783,183
FP-1,39.473020,-10.500927,184
FP-1,39.473270,-10.502070,185
FP-1,39.473520,-10.503211,186
FP-1,39.473770,-10.504351,187
FP-1,39.474022,-10.505488,188
FP-1,39.474276,-10.506622,189
FP-1,39.474531,-10.507752,190
FP-1,39.474787,-10.508879,191
FP-1,39.475047,-10.510001,192
FP-1,39.475308,-10.511119,193
FP-1,39.475573,-10.512231,194
FP-1,39.475841,-10.513337,195
FP-1,39.476112,-10.514438,196
FP-1,39.476387,-10.515531,197
FP-1,39.476666,-10.516618,198
FP-1,39.476949,-10.517697,199
FP-1,39.477238,-10.518768,200
FP-1,39.477531,-10.519830,201
FP-1,39.477829,-10.520883,202
FP-1,39.478133,-10.521927,203
FP-1,39.478443,-10.522961,204
FP-1,39.478759,-10.523984,205
FP-1,39.479082,-10.524997,206
FP-1,39.479411,-10.525998,207
FP-1,39.479748,-10.526987,208
FP-1,39.480092,-10.527964,209
FP-1,39.480444,-10.528929,210
FP-1,39.480803,-10.529880,211
FP-1,39.481171,-10.530818,212
FP-1,39.481611,-10.531900,213
FP-1,39.482056,-10.532966,214
FP-1,39.482507,-10.534016,215
FP-1,39.482963,-10.535051,216
FP-1,39.483426,-10.536071,217
FP-1,39.483893,-10.537076,218
FP-1,39.484366,-10.538069,219
FP-1,39.484845,-10.539049,220
FP-1,39.485329,-10.540017,221
FP-1,39.485818,-10.540974,222
FP-1,39.486313,-10.541920,223
FP-1,39.486812,-10.542857,224
FP-1,39.487317,-10.543785,225
FP-1,39.487827,-10.544705,226
FP-1,39.488343,-10.545617,227
FP-1,39.488863,-10.546523,228
FP-1,39.489388,-10.547422,229
FP-1,39.489918,-10.548316,230
FP-1,39.490453,-10.549206,231
FP-1,39.490993,-10.550091,232
FP-1,39.491538,-10.550974,233
FP-1,39.492087,-10.551854,234
FP-1,39.492641,-10.552732,235
FP-1,39.493200,-10.553609,236
FP-1,39.493764,-10.554486,237
FP-1,39.494331,-10.555363,238
FP-1,39.494904,-10.556241,239
FP-1,39.495481,-10.557122,240
FP-1,39.496062,-10.558005,241
FP-1,39.496648,-10.558891,242
FP-1,39.497238,-10.559781,243
FP-1,39.497832,-10.560676,244
FP-1,39.498430,-10.561576,245
FP-1,39.499033,-10.562482,246
FP-1,39.499640,-10.563396,247
FP-1,39.500190,-10.564223,248
FP-1,39.500746,-10.565052,249
FP-1,39.501307,-10.565884,250
FP-1,39.501873,-10.566718,251
FP-1,39.502444,-10.567554,252
FP-1,39.503020,-10.568391,253
FP-1,39.503601,-10.569230,254
FP-1,39.504186,-10.570070,255
FP-1,39.504776,-10.570911,256
FP-1,39.505370,-10.571752,257
FP-1,39.505968,-10.572594,258
FP-1,39.506571,-10.573437,259
FP-1,39.507177,-10.574279,260
FP-1,39.507788,-10.575120,261
FP-1,39.508402,-10.575962,262
FP-1,39.509020,-10.576802,263
FP-1,39.509641,-10.577642,264
FP-1,39.510266,-10.578480,265
FP-1,39.510894,-10.579316,266
FP-1,39.511526,-10.580151,267
FP-1,39.512160,-10.580984,268
FP-1,39.512798,-10.581815,269
FP-1,39.513438,-10.582643,270
FP-1,39.514081,-10.583468,271
FP-1,39.514727,-10.584290,272
FP-1,39.515375,-10.585109,273
FP-1,39.516026,-10.585925,274
FP-1,39.516679,-10.586737,275
FP-1,39.517334,-10.587545,276
FP-1,39.517991,-10.588348,277
FP-1,39.518650,-10.589147,278
FP-1,39.519311,-10.589942,279
FP-1,39.519974,-10.590731,280
FP-1,39.520638,-10.591516,281
FP-1,39.521303,-10.592295,282
FP-1,39.521970,-10.593068,283
FP-1,39.522638,-10.593835,284
FP-1,39.523308,-10.594597,285
FP-1,39.523978,-10.595351,286
FP-1,39.524649,-10.596099,287
FP-1,39.525321,-10.596841,288
FP-1,39.525994,-10.597575,289
FP-1,39.526667,-10.598301,290
FP-1,39.527360,-10.599043,291
FP-1,39.528059,-10.599784,292
FP-1,39.528763,-10.600524,293
FP-1,39.529472,-10.601263,294
FP-1,39.530185,-10.602000,295
FP-1,39.530902,-10.602736,296
FP-1,39.531624,-10.603469,297
FP-1,39.532349,-10.604200,298
FP-1,39.533077,-10.604928,299
FP-1,39.533809,-10.605653,300
FP-1,39.534544,-10.606375,301
FP-1,39.535282,-10.607093,302
FP-1,39.536022,-10.607808,303
FP-1,39.536765,-10.608518,304
FP-1,39.537510,-10.609224,305
FP-1,39.538257,-10.609925,306
FP-1,39.539005,-10.610621,307
FP-1,39.539755,-10.611311,308
FP-1,39.540506,-10.611996,309
FP-1,39.541258,-10.612676,310
FP-1,39.542010,-10.613349,311
FP-1,39.542764,-10.614015,312
FP-1,39.543517,-10.614675,313
FP-1,39.544270,-10.615327,314
FP-1,39.545023,-10.615973,315
FP-1,39.545776,-10.616610,316
FP-1,39.546528,-10.617240,317
FP-1,39.547279,-10.617862,318
FP-1,39.548028,-10.618475,319
FP-1,39.548777,-10.619079,320
FP-1,39.549523,-10.619674,321
FP-1,39.550268,-10.620260,322
FP-1,39.551011,-10.620836,323
FP-1,39.551751,-10.621402,324
FP-1,39.552489,-10.621958,325
FP-1,39.553223,-10.622503,326
FP-1,39.553955,-10.623038,327
FP-1,39.554684,-10.623561,328
FP-1,39.555409,-10.624073,329
FP-1,39.556130,-10.624574,330
FP-1,39.556847,-10.625062,331
FP-1,39.557687,-10.625621,332
FP-1,39.558520,-10.626159,333
FP-1,39.559347,-10.626678,334
FP-1,39.560168,-10.627178,335
FP-1,39.560984,-10.627661,336
FP-1,39.561796,-10.628127,337
FP-1,39.562603,-10.628578,338
FP-1,39.563408,-10.629015,339
FP-1,39.564210,-10.629439,340
FP-1,39.565010,-10.629850,341
FP-1,39.565809,-10.630250,342
FP-1,39.566607,-10.630640,343
FP-1,39.567406,-10.631020,344
FP-1,39.568205,-10.631393,345
FP-1,39.569006,-10.631758,346
FP-1,39.569808,-10.632117,347
FP-1,39.570613,-10.632471,348
FP-1,39.571422,-10.632821,349
FP-1,39.572235,-10.633168,350
FP-1,39.573052,-10.633513,351
FP-1,39.573874,-10.633857,352
FP-1,39.574702,-10.634201,353
FP-1,39.575537,-10.634546,354
FP-1,39.576379,-10.634894,355
FP-1,39.577229,-10.635244,356
FP-1,39.578088,-10.635599,357
FP-1,39.578955,-10.635958,358
FP-1,39.579833,-10.636324,359
FP-1,39.580721,-10.636697,360
FP-1,39.581507,-10.637028,361
FP-1,39.582301,-10.637359,362
FP-1,39.583101,-10.637691,363
FP-1,39.583907,-10.638023,364
FP-1,39.584719,-10.638354,365
FP-1,39.585538,-10.638686,366
FP-1,39.586361,-10.639017,367
FP-1,39.587190,-10.639348,368
FP-1,39.588024,-10.639679,369
FP-1,39.588863,-10.640008,370
FP-1,39.589706,-10.640337,371
FP-1,39.590553,-10.640665,372
FP-1,39.591404,-10.640991,373
FP-1,39.592259,-10.641317,374
FP-1,39.593117,-10.641640,375
FP-1,39.593979,-10.641963,376
FP-1,39.594843,-10.642283,377
FP-1,39.595709,-10.642601,378
FP-1,39.596578,-10.642918,379
FP-1,39.597449,-10.643232,380
FP-1,39.598321,-10.643543,381
FP-1,39.599195,-10.643853,382
FP-1,39.600070,-10.644159,383
FP-1,39.600946,-10.644463,384
FP-1,39.601823,-10.644763,385
FP-1,39.602700,-10.645061,386
FP-1,39.603577,-10.645355,387
FP-1,39.604454,-10.645646,388
FP-1,39.605331,-10.645933,389
FP-1,39.606206,-10.646217,390
FP-1,39.607081,-10.646496,391
FP-1,39.607954,-10.646772,392
FP-1,39.608826,-10.647043,393
FP-1,39.609696,-10.647310,394
FP-1,39.610564,-10.647573,395
FP-1,39.611430,-10.647831,396
FP-1,39.612293,-10.648084,397
FP-1,39.613153,-10.648332,398
FP-1,39.614025,-10.648578,399
FP-1,39.614897,-10.648818,400
FP-1,39.615770,-10.649052,401
FP-1,39.616643,-10.649280,402
FP-1,39.617517,-10.649503,403
FP-1,39.618391,-10.649720,404
FP-1,39.619266,-10.649932,405
FP-1,39.620141,-10.650140,406
FP-1,39.621016,-10.650343,407
FP-1,39.621892,-10.650542,408
FP-1,39.622768,-10.650737,409
FP-1,39.623644,-10.650929,410
FP-1,39.624521,-10.651117,411
FP-1,39.625397,-10.651302,412
FP-1,39.626274,-10.651484,413
FP-1,39.627152,-10.651664,414
FP-1,39.628029,-10.651841,415
FP-1,39.628907,-10.652017,416
FP-1,39.629785,-10.652190,417
FP-1,39.630663,-10.652362,418
FP-1,39.631541,-10.652533,419
FP-1,39.632419,-10.652703,420
FP-1,39.633297,-10.652872,421
FP-1,39.634175,-10.653040,422
FP-1,39.635054,-10.653209,423
FP-1,39.635932,-10.653377,424
FP-1,39.636810,-10.653546,425
FP-1,39.637688,-10.653716,426
FP-1,39.638566,-10.653886,427
FP-1,39.639444,-10.654058,428
FP-1,39.640322,-10.654231,429
FP-1,39.641200,-10.654405,430
FP-1,39.642077,-10.654582,431
FP-1,39.642955,-10.654761,432
FP-1,39.643832,-10.654942,433
FP-1,39.644709,-10.655126,434
FP-1,39.645586,-10.655313,435
